0	-0.00871753732801
1	-0.0798825403148
2	0.0342560956905
3	0.0624642255653
4	0.104573633273
5	-0.0132699561349
6	0.0302245900305
7	0.0138047880857
8	0.113654595263
9	0.0371006562417
10	0.0306545860978
11	0.0448428387507
12	0.122091560599
13	0.121771738265
14	0.192946930944
15	0.0726348083228
16	0.183355065679
17	0.119439232358
18	0.0947970440419
19	0.232063901699
20	0.265260092698
21	0.16018363409
22	0.20501449142
23	0.26519805082
24	0.278079537674
25	0.144194800493
26	0.311424633262
27	0.20342969855
28	0.311606962762
29	0.414814423407
30	0.303694834619
31	0.35892446889
32	0.327908321378
33	0.339459425702
34	0.34486222539
35	0.216279586333
36	0.362972620294
37	0.366403958106
38	0.277451187617
39	0.411234040817
40	0.420884708217
41	0.403422485502
42	0.427990131762
43	0.481325761777
44	0.421686799882
45	0.483507809429
46	0.509739048979
47	0.467318948627
48	0.621579319493
49	0.47948401778
50	0.507497793547
51	0.410873346678
52	0.564784168181
53	0.464864434365
54	0.584358529625
55	0.522960728585
56	0.586896725108
57	0.502515997359
58	0.546035801069
59	0.603246771853
60	0.571840478436
61	0.591551453016
62	0.625817849605
63	0.579979403517
64	0.632584185583
65	0.584969698875
66	0.565207712144
67	0.617651535062
68	0.657557101768
69	0.59771325652
70	0.678812092829
71	0.679728266686
72	0.647152985057
73	0.644541793237
74	0.639386707523
75	0.710143716326
76	0.663988834217
77	0.734960074785
78	0.675896743346
79	0.719438491639
80	0.784574949953
81	0.716017230228
82	0.794817592771
83	0.716494660871
84	0.775952310781
85	0.789605457475
86	0.781502733092
87	0.786372198774
88	0.729720357345
89	0.711212330666
90	0.741512301594
91	0.76613850399
92	0.79008330978
93	0.794439545898
94	0.752221381274
95	0.822363435253
96	0.806255556896
97	0.811195764846
98	0.855766553016
99	0.783466377281
100	0.852935316271
101	0.786008337502
102	0.831145842607
103	0.893760713432
104	0.784088644162
105	0.892984244328
106	0.823995889157
107	0.885119094678
108	0.843580336212
109	0.90672607373
110	0.852052997759
111	0.805976880648
112	0.932951804745
113	0.917701564749
114	0.890467105401
115	0.987459291186
116	0.903610137124
117	1.01046948207
118	1.05089225345
119	0.971296652095
120	1.00284331402
121	0.857630499646
122	0.94580388315
123	1.00775420312
124	0.956755384028
125	0.961629574596
126	0.828948410012
127	0.945925498287
128	0.957198469721
129	0.94936505456
130	0.966054047892
131	1.05885046344
132	0.991886354786
133	1.05831679548
134	1.00126433596
135	1.007514083
136	0.923942585002
137	1.02650852503
138	0.980807785752
139	0.986610331147
140	0.894206138287
141	0.97550261067
142	0.927546586001
143	1.00624977585
144	0.906681727941
145	0.999046296767
146	0.9824888175
147	0.947183686492
148	1.06874327177
149	1.08718509062
150	0.928193778126
151	1.01427623428
152	1.04373869758
153	0.945136464746
154	1.02191065705
155	0.989323061698
156	0.950064873799
157	0.950941609232
158	0.958950935013
159	0.976382169756
160	1.02483610761
161	1.04739922897
162	1.03536138723
163	1.00882970769
164	0.956983260974
165	1.06567633199
166	0.973078348622
167	0.954956098223
168	0.962582467292
169	0.914651789616
170	1.00646742149
171	0.957539103349
172	1.07307757382
173	0.962567164363
174	1.01412237653
175	0.925111007404
176	0.882386384635
177	0.999786928708
178	0.906578835702
179	1.03073368476
180	0.872313272801
181	1.03035283324
182	1.0352504911
183	0.945012133133
184	0.877670917352
185	1.00310443558
186	0.979874335985
187	0.924671282177
188	0.959920039805
189	0.924010654442
190	0.962569315656
191	0.913468689984
192	1.00947306271
193	1.03313454632
194	0.910933455204
195	0.884265458332
196	0.873179746828
197	0.937347872072
198	0.949141291923
199	0.8848581815
200	0.905852208112
201	0.901287904467
202	0.807208685097
203	0.943123578167
204	0.929160584519
205	0.879097684431
206	0.948617701391
207	0.839726351693
208	0.902691116132
209	0.901193923059
210	0.906631613851
211	0.872970359945
212	0.788841393321
213	0.783123193614
214	0.871818124972
215	0.779834077606
216	0.839755722301
217	0.80460724942
218	0.838175582925
219	0.717558452718
220	0.767833213116
221	0.780409022987
222	0.75966475439
223	0.770038428542
224	0.791587562701
225	0.864202609656
226	0.773694345389
227	0.786129525814
228	0.692405539281
229	0.716704797104
230	0.767307367159
231	0.793156723983
232	0.691941398104
233	0.654488357094
234	0.679483713499
235	0.749034447255
236	0.727808470583
237	0.706621124481
238	0.684030445963
239	0.650014063512
240	0.618260479912
241	0.61916223776
242	0.641999224252
243	0.728596048832
244	0.624800711795
245	0.709670831879
246	0.605747464066
247	0.690441322535
248	0.59647168627
249	0.588913712672
250	0.600452473554
251	0.581282906019
252	0.599173773054
253	0.519896830854
254	0.587519787062
255	0.530533039376
256	0.508915253254
257	0.456165419588
258	0.505455398609
259	0.47607195423
260	0.459312169181
261	0.444856211142
262	0.518435558927
263	0.470627230981
264	0.44295188066
265	0.487279296608
266	0.458391313436
267	0.479372793974
268	0.472049055558
269	0.314744581093
270	0.429949065927
271	0.449536770305
272	0.499840090927
273	0.365638081455
274	0.365228215956
275	0.43982945311
276	0.396082237377
277	0.348995859431
278	0.308798269398
279	0.404468402903
280	0.290584893935
281	0.406073979268
282	0.402637611467
283	0.337920414027
284	0.323736323083
285	0.348034094335
286	0.216767509752
287	0.224908198219
288	0.234750323929
289	0.373973397144
290	0.307335149747
291	0.257474185181
292	0.214030898612
293	0.230257795288
294	0.119020603334
295	0.10860465495
296	0.12576786555
297	0.20077271711
298	0.142442853566
299	0.150053257525
300	0.197731121912
301	0.108390215301
302	0.130616080841
303	0.131437495846
304	0.035292612684
305	0.0454193785413
306	0.129028925616
307	0.100383656587
308	0.0692161936152
309	0.15226212316
310	0.0617305548128
311	0.0685806919823
312	0.125200267808
313	-0.0281119478655
314	0.0422405288996
315	-0.00354593612558
316	-0.049967344311
317	-0.0695179988301
318	-0.124997509999
319	-0.0300955007076
320	-0.122482051634
321	-0.0302008839506
322	-0.0121704651304
323	-0.13937399135
324	-0.132452839882
325	-0.131145810957
326	-0.0688010824938
327	-0.147831146272
328	-0.180831685797
329	-0.245001197017
330	-0.0766113595999
331	-0.214257969506
332	-0.277279770685
333	-0.180248421528
334	-0.246143155773
335	-0.148360749917
336	-0.245648629159
337	-0.30026885469
338	-0.243162377941
339	-0.235679476244
340	-0.191678563875
341	-0.29007147174
342	-0.249075965692
343	-0.266086442198
344	-0.310908756282
345	-0.376435826669
346	-0.390322575814
347	-0.298056895064
348	-0.322333489922
349	-0.426030069843
350	-0.292579547667
351	-0.314990046311
352	-0.330199414232
353	-0.341425485026
354	-0.460081935553
355	-0.410382200835
356	-0.446309657646
357	-0.418421667987
358	-0.345745176475
359	-0.398621667078
360	-0.396578045585
361	-0.38802922837
362	-0.418189372491
363	-0.466302426419
364	-0.628525881453
365	-0.544334407121
366	-0.526667180691
367	-0.468377073231
368	-0.5597136667
369	-0.529730243182
370	-0.506285020818
371	-0.567969503859
372	-0.450795164665
373	-0.582972628812
374	-0.65477867362
375	-0.611097580855
376	-0.604353801204
377	-0.613070597882
378	-0.530204932174
379	-0.578996752396
380	-0.54671584229
381	-0.671221598227
382	-0.587742344339
383	-0.68748284249
384	-0.620949560415
385	-0.633876780244
386	-0.699784470484
387	-0.660645936083
388	-0.756095314144
389	-0.753069306025
390	-0.771039045426
391	-0.727914935596
392	-0.653936903066
393	-0.719980355741
394	-0.727802676168
395	-0.682623705981
396	-0.799260337056
397	-0.733011852445
398	-0.802496024267
399	-0.741299269107
400	-0.827561188147
401	-0.792442982387
402	-0.783032556471
403	-0.755387514523
404	-0.786604433096
405	-0.784893312575
406	-0.851117238432
407	-0.802912878886
408	-0.832209743705
409	-0.773624012953
410	-0.84050451478
411	-0.776083665291
412	-0.831463306905
413	-0.852300288443
414	-0.882186426987
415	-0.832251291607
416	-0.955176457202
417	-0.854192242212
418	-0.874883566715
419	-0.905429164137
420	-0.812946217038
421	-0.839192525364
422	-0.917737547563
423	-0.856628451688
424	-0.915294659446
425	-0.897011950761
426	-0.914078149706
427	-1.01538367145
428	-0.932775376267
429	-0.951838705454
430	-0.911755486525
431	-1.01311477974
432	-0.940132615835
433	-0.955317082651
434	-0.984952451296
435	-0.926284415957
436	-0.959036679113
437	-0.914101687724
438	-0.892888549318
439	-0.885971294576
440	-0.957554455587
441	-0.951885087647
442	-1.04407945392
443	-0.885905901011
444	-0.99130620404
445	-0.976280737808
446	-0.97675953426
447	-1.09723125946
448	-1.00570205887
449	-0.902469483327
450	-0.906137091815
451	-1.08463299492
452	-0.921377972581
453	-0.969110428395
454	-0.914110552109
455	-0.936364269408
456	-0.965951419916
457	-0.958209994754
458	-1.04478322989
459	-0.922235287102
460	-1.0241765169
461	-0.891350344558
462	-1.04768612226
463	-0.96334402238
464	-1.02696338193
465	-0.957895994591
466	-1.00436988438
467	-1.06925950844
468	-0.991400387666
469	-1.05746604604
470	-0.969637243564
471	-1.04070056988
472	-1.0183202964
473	-0.937340584716
474	-1.04654388342
475	-1.00652259568
476	-1.06781575385
477	-0.969425047964
478	-0.959790487233
479	-0.975856355648
480	-0.984952919653
481	-1.00549166031
482	-1.00294485122
483	-1.00646853243
484	-1.05633500382
485	-1.0434284498
486	-0.960396100557
487	-0.981220708671
488	-1.05300711186
489	-0.998236787373
490	-0.882747214876
491	-1.01684174665
492	-0.969540563337
493	-0.957655521066
494	-0.951456276089
495	-0.881880608604
496	-0.927129876336
497	-1.04501295916
498	-0.939674814899
499	-0.9965380324
500	-1.00175034333
501	-0.926944437321
502	-0.909507217438
503	-0.92635153827
504	-0.940213813144
505	-0.961501841538
506	-1.01644770545
507	-0.929534239423
508	-0.841407732456
509	-0.834265508387
510	-0.937325885598
511	-0.876923012124
512	-0.881098642659
513	-0.879628575254
514	-0.989632961217
515	-0.91113843714
516	-0.838510753394
517	-0.967056424719
518	-0.84319722822
519	-0.836264757684
520	-0.922940456831
521	-0.811886687766
522	-0.819952316329
523	-0.853059516971
524	-0.82012013282
525	-0.906870627142
526	-0.945678680761
527	-0.819008875071
528	-0.896101827571
529	-0.836735067964
530	-0.824159528778
531	-0.852679323151
532	-0.754467518741
533	-0.864804915576
534	-0.801729117224
535	-0.774767579605
536	-0.75828699476
537	-0.71854077919
538	-0.771094120074
539	-0.779980006799
540	-0.737942147269
541	-0.786295540473
542	-0.848590059591
543	-0.743672941708
544	-0.709492188578
545	-0.771615078534
546	-0.744763210204
547	-0.72524658147
548	-0.685739713361
549	-0.69996011555
550	-0.76936058194
551	-0.646778249584
552	-0.660622896367
553	-0.607460463254
554	-0.68483556418
555	-0.586831456996
556	-0.636438987174
557	-0.648078224067
558	-0.599413882535
559	-0.627084366483
560	-0.641887249619
561	-0.645484682426
562	-0.617136249158
563	-0.590624139754
564	-0.614838808112
565	-0.605217553728
566	-0.520599724369
567	-0.665618601157
568	-0.545709528986
569	-0.581418129148
570	-0.520166347968
571	-0.493030668868
572	-0.506106305088
573	-0.530450975788
574	-0.529279276814
575	-0.44178146324
576	-0.440476366291
577	-0.438507997954
578	-0.566736498666
579	-0.382574981289
580	-0.508875601204
581	-0.40482516465
582	-0.459076470062
583	-0.435586702159
584	-0.446595609941
585	-0.346556538309
586	-0.464887559917
587	-0.383412334395
588	-0.414934407806
589	-0.42608537809
590	-0.447864162966
591	-0.413676707594
592	-0.348148959649
593	-0.428372099925
594	-0.364318889899
595	-0.395997085212
596	-0.39762442444
597	-0.355129555305
598	-0.278908119162
599	-0.298457086714
600	-0.247023099425
601	-0.259182880164
602	-0.276845011854
603	-0.23767613504
604	-0.28501056152
605	-0.284836284877
606	-0.240340602482
607	-0.202673442759
608	-0.201403421602
609	-0.230435228772
610	-0.208271750278
611	-0.171662242744
612	-0.138537369315
613	-0.174016770353
614	-0.141049576367
615	-0.105042034197
616	-0.178268746965
617	-0.0456633111932
618	-0.142572943387
619	-0.0726147482595
620	-0.0643999195779
621	-0.0451566032597
622	-0.0606575237974
623	-0.0671632098374
624	-0.115525119146
625	-0.0353916330759
626	-0.140453275222
627	-0.0319238194156
628	0.0555077778451
629	0.0295987780894
630	-0.0784297490032
631	-0.0196707377984
632	0.148709731308
633	0.0908992877214
634	0.106550780566
635	0.159522241078
636	-0.0111902299813
637	0.0562199222838
638	0.00366121278118
639	0.115190968764
640	0.0792989004852
641	0.190713892364
642	0.125701562554
643	0.157740052198
644	0.25980505785
645	0.0883585719096
646	0.148623746547
647	0.142643327986
648	0.182575041964
649	0.167378605085
650	0.200736318622
651	0.244834663551
652	0.213541244172
653	0.275221935049
654	0.196640142559
655	0.23742306103
656	0.299266056621
657	0.332239436637
658	0.234989494272
659	0.360160756438
660	0.351007764706
661	0.327675030997
662	0.339358677586
663	0.336239514473
664	0.422178120625
665	0.310156844197
666	0.426337861928
667	0.373338233023
668	0.400732642327
669	0.406564217286
670	0.42136726439
671	0.400921396809
672	0.425496022552
673	0.430393576319
674	0.462805404004
675	0.458315087179
676	0.340510413011
677	0.423702492914
678	0.512917498254
679	0.536310308572
680	0.513600763201
681	0.555548816407
682	0.56788423326
683	0.529531451505
684	0.48654144236
685	0.510162916722
686	0.555194066045
687	0.464055611552
688	0.645896651672
689	0.617629462121
690	0.52881012825
691	0.545551639803
692	0.671237809739
693	0.597796704445
694	0.660889178481
695	0.620110560573
696	0.587925206599
697	0.729374738548
698	0.633503531128
699	0.741155522828
700	0.642571502985
701	0.675689285198
702	0.632565568725
703	0.647652717499
704	0.681284969805
705	0.710583956708
706	0.707732787924
707	0.729565299494
708	0.728555273607
709	0.754378133819
710	0.68878085253
711	0.655066023307
712	0.756723003434
713	0.802778897644
714	0.805156578388
715	0.672183577979
716	0.761658234877
717	0.819529991977
718	0.837681277795
719	0.84909485617
720	0.83812440458
721	0.840764534185
722	0.841625933565
723	0.829412942921
724	0.802358946082
725	0.784802620206
726	0.783753405811
727	0.828082999322
728	0.867451574463
729	0.891367300816
730	0.860511230397
731	0.862979983489
732	0.857813590627
733	0.871669870504
734	0.82953875936
735	0.94696056037
736	0.85013388734
737	0.880706571931
738	0.789538944969
739	0.841014930748
740	0.91730138876
741	0.92022167345
742	0.998325135538
743	0.898574446564
744	0.881982365718
745	0.922225571934
746	0.944558556868
747	0.955425181408
748	0.973384741756
749	0.989065919566
750	0.93034018232
751	0.877333009906
752	0.879093746485
753	1.00843872133
754	0.920095262055
755	0.885208405388
756	0.961029830012
757	0.901365953236
758	0.927355256382
759	0.953477258709
760	0.97923502457
761	0.998629327499
762	1.06084245624
763	0.971738031328
764	0.984407631563
765	0.995309028964
766	0.932093755695
767	1.05017684006
768	0.983639222035
769	1.0384683141
770	0.960974114725
771	1.04015762988
772	0.917918339672
773	0.958212201935
774	0.960760891546
775	1.03996354419
776	0.967664537447
777	1.0073003666
778	0.966802105581
779	0.943528653356
780	1.04592136946
781	1.01652767388
782	0.864214463297
783	0.972792978268
784	1.01781449621
785	0.94111943305
786	1.03194506817
787	1.04518621909
788	1.06008603431
789	1.05548414658
790	0.997944114319
791	1.03993074501
792	0.991206009756
793	0.995335115422
794	1.01106934508
795	0.937248776205
796	1.0481092134
797	1.02215852898
798	1.00254532903
799	1.02552253932
800	1.00705221733
801	0.948569694494
802	0.998016353422
803	1.05225785884
804	0.959254418916
805	0.911965404471
806	0.944057150208
807	1.02671909275
808	0.94234443111
809	0.983100936789
810	1.03234787942
811	1.00113411956
812	1.01208572072
813	0.879029674905
814	0.904662906131
815	0.933532846804
816	1.02093451651
817	0.974186472164
818	0.861897586196
819	0.920022013355
820	0.916628477711
821	0.94815365066
822	0.961604551461
823	0.898893709365
824	0.95900446295
825	0.892291783251
826	0.845483706953
827	0.95632849414
828	0.943430982725
829	0.937375948329
830	0.882874166248
831	0.911275848973
832	0.928748498846
833	0.932045823453
834	0.943292622983
835	0.827803093236
836	0.89317830024
837	0.919143947893
838	0.888939623114
839	0.856367005728
840	0.885613008077
841	0.833005924974
842	0.876457960703
843	0.805768786575
844	0.826928250998
845	0.867395100283
846	0.765197050089
847	0.811895492928
848	0.744185189944
849	0.809090403659
850	0.844106086028
851	0.842326697041
852	0.748776003996
853	0.785538951604
854	0.857904030456
855	0.796948147024
856	0.733771811487
857	0.780118056112
858	0.739283674588
859	0.669329975289
860	0.795123882185
861	0.727220073393
862	0.780096625885
863	0.764223732388
864	0.639860702251
865	0.762367713931
866	0.763049399784
867	0.674881423186
868	0.68161157907
869	0.629513349125
870	0.627233885467
871	0.691875512452
872	0.617293709575
873	0.673998312241
874	0.69721358227
875	0.607474486907
876	0.648283713815
877	0.609116136873
878	0.664550340343
879	0.569797509164
880	0.571621109051
881	0.555978535781
882	0.522228887728
883	0.530461799728
884	0.560791414132
885	0.460976254306
886	0.540310447053
887	0.506392228928
888	0.493074826646
889	0.477924574829
890	0.467229112459
891	0.508350605571
892	0.50487807775
893	0.398367908727
894	0.519965703178
895	0.433022712359
896	0.473670668804
897	0.454837429767
898	0.482496979352
899	0.405848814415
900	0.400874976498
901	0.449714653544
902	0.358940783585
903	0.426254490099
904	0.337319087708
905	0.363565010966
906	0.253141597365
907	0.338395036092
908	0.42973234701
909	0.349888250958
910	0.322506266096
911	0.304992562396
912	0.214191894988
913	0.280582586578
914	0.362103047831
915	0.294192810433
916	0.283804528163
917	0.285090273523
918	0.23533697175
919	0.291290276986
920	0.285783419499
921	0.227274530351
922	0.269441919166
923	0.111596035124
924	0.268507276577
925	0.112935913052
926	0.0900104504299
927	0.14897431671
928	0.13242919262
929	0.0606789138535
930	0.137156575413
931	0.0673972839285
932	0.17513002938
933	0.0854502768601
934	0.0204760087773
935	0.106576741335
936	0.0350695030526
937	0.0531237463108
938	0.0709574914073
939	0.0417732329632
940	-0.0664923665468
941	-0.0100724516194
942	-0.0522365071535
943	-0.113574584552
944	0.0406239413169
945	-0.0542188461506
946	0.0027103684688
947	0.00467964527914
948	-0.0489468671314
949	-0.0573546832696
950	-0.0988505988129
951	-0.0990119451082
952	-0.117451171862
953	-0.0545681581478
954	-0.0984839025373
955	-0.180322635881
956	-0.154472594685
957	-0.174083127377
958	-0.0530603022628
959	-0.140727884627
960	-0.195266084785
961	-0.167821954287
962	-0.261576490302
963	-0.241333029726
964	-0.205061901732
965	-0.268188868267
966	-0.21944049408
967	-0.266898228692
968	-0.272201685263
969	-0.243677203094
970	-0.24326798845
971	-0.22996764309
972	-0.291439183528
973	-0.192635873471
974	-0.254416737766
975	-0.326149532572
976	-0.309940140374
977	-0.282739440103
978	-0.39002301444
979	-0.401609631917
980	-0.435857379582
981	-0.4404992462
982	-0.427450054169
983	-0.31570207383
984	-0.377591848083
985	-0.325208012788
986	-0.418097498288
987	-0.428555339498
988	-0.377378721437
989	-0.544288390345
990	-0.507969684638
991	-0.432474499292
992	-0.381098029608
993	-0.427501986459
994	-0.435434408944
995	-0.540346463633
996	-0.522707365518
997	-0.560581937405
998	-0.568177459461
999	-0.439601101859
