0	0.00858943074368
1	0.0330379615229
2	0.0237983745703
3	0.060586265423
4	0.0574755935345
5	0.0925390998757
6	0.0724875124918
7	0.0878383723864
8	0.0565846279473
9	0.0788961692164
10	0.0945808255216
11	0.120410185932
12	0.121301418964
13	0.0994404762761
14	0.139564189348
15	0.150156028311
16	0.194990034621
17	0.163304120714
18	0.159585637079
19	0.137805407088
20	0.164738910095
21	0.1932085464
22	0.206239026051
23	0.21114815146
24	0.25072618249
25	0.269017224524
26	0.276286015562
27	0.265949132633
28	0.294150982881
29	0.301175132243
30	0.332653669714
31	0.328322023455
32	0.33552639685
33	0.333825332923
34	0.354513238506
35	0.37203066109
36	0.386894275466
37	0.400038965438
38	0.413129770093
39	0.402943551628
40	0.394927838965
41	0.397672479234
42	0.419693344968
43	0.420915827211
44	0.42705491187
45	0.436118837209
46	0.434752848125
47	0.439745249219
48	0.447017973519
49	0.486862806994
50	0.514406149155
51	0.542736900995
52	0.54773948526
53	0.556736707375
54	0.543213744057
55	0.544019027327
56	0.543487375379
57	0.547009525632
58	0.570773488587
59	0.601663461499
60	0.620707754413
61	0.635464397931
62	0.634173223189
63	0.617986282584
64	0.611581882213
65	0.600789523222
66	0.618629056597
67	0.618218345286
68	0.635256897897
69	0.652929511253
70	0.632385028081
71	0.671842231142
72	0.663513924385
73	0.708406917939
74	0.678339925278
75	0.700311203715
76	0.701016590801
77	0.734618851993
78	0.727154077004
79	0.733592125197
80	0.712614588305
81	0.719137276066
82	0.710699267527
83	0.730909286975
84	0.741192505925
85	0.769605977177
86	0.756752183395
87	0.764437049664
88	0.716992576398
89	0.734983830382
90	0.738842846292
91	0.799487581211
92	0.802124120571
93	0.789986037468
94	0.779632020404
95	0.790757183347
96	0.80511891561
97	0.84112432049
98	0.846362112019
99	0.839091634886
100	0.834811518555
101	0.852480960298
102	0.884502746713
103	0.854214335511
104	0.877663843687
105	0.870053324546
106	0.896225302259
107	0.912398888074
108	0.929627821357
109	0.92416520965
110	0.913801570157
111	0.925095404144
112	0.959157942207
113	0.953182431202
114	0.927883561603
115	0.922043674845
116	0.91337370426
117	0.909009263692
118	0.923009137674
119	0.912464805912
120	0.916053768546
121	0.903692114067
122	0.917106667194
123	0.946003271987
124	0.964594246008
125	0.944386402202
126	0.956667140627
127	0.944123858233
128	0.986452321503
129	0.973342797814
130	0.956304998339
131	0.982700870108
132	1.00449377156
133	1.02427608534
134	0.975146005251
135	0.946570173934
136	0.941781783704
137	0.943812317036
138	0.948334546635
139	0.946499950942
140	0.971345251895
141	0.966028090485
142	1.00992576792
143	1.01293531318
144	1.02777291212
145	0.93629345561
146	0.927031807567
147	0.940890045283
148	1.02205055691
149	1.03942848641
150	1.00160108517
151	0.959688461178
152	0.917436815659
153	0.943504847691
154	0.977083423711
155	1.00620604542
156	1.01941698332
157	1.02590268396
158	1.03876336055
159	1.04462120354
160	1.01024838024
161	0.992783656315
162	1.00637986386
163	0.991396988176
164	0.982066243413
165	0.950501748154
166	0.992025550654
167	1.04423808169
168	1.07288545829
169	1.05177223224
170	1.02573484584
171	0.978999541362
172	0.998972893052
173	0.963895288117
174	1.0020578369
175	0.930948633354
176	0.9796580715
177	0.978524949126
178	1.00979822195
179	0.960729275119
180	0.926399707686
181	0.935015475518
182	0.953066797046
183	0.959016492654
184	0.976639942502
185	0.957824287163
186	0.958105683396
187	0.951300099519
188	0.949037647462
189	0.95723981208
190	0.960202029724
191	0.944314045553
192	0.930136526051
193	0.891596115104
194	0.902596210095
195	0.876298548581
196	0.89891350108
197	0.894835557404
198	0.945485355704
199	0.940879243908
200	0.93854585237
201	0.902362863268
202	0.889929452303
203	0.872117605194
204	0.860111093285
205	0.881003544082
206	0.901939088676
207	0.95248625698
208	0.962929620916
209	0.914997882252
210	0.860298254954
211	0.799336922201
212	0.788097440658
213	0.783513840168
214	0.793506300679
215	0.868317754889
216	0.853729244652
217	0.820728296494
218	0.760763178978
219	0.774289257812
220	0.795759761809
221	0.785078531085
222	0.788023412712
223	0.766370627874
224	0.796711292944
225	0.813180895454
226	0.813186062667
227	0.788990735166
228	0.752513095124
229	0.74866348731
230	0.728334054955
231	0.705891338084
232	0.700225257885
233	0.700528644019
234	0.733736045658
235	0.723637776466
236	0.726673508768
237	0.682923720653
238	0.673204757945
239	0.673515457085
240	0.682282604631
241	0.676074196676
242	0.644887427055
243	0.621082658696
244	0.613887776411
245	0.608096029343
246	0.609696094038
247	0.582240848788
248	0.567114584133
249	0.567449207233
250	0.569083585573
251	0.559697727441
252	0.562857330214
253	0.586573017491
254	0.619900633124
255	0.602752442955
256	0.560732719643
257	0.520494802817
258	0.490806021217
259	0.503722500091
260	0.507880566549
261	0.526208253306
262	0.51518562874
263	0.503902728677
264	0.473693192039
265	0.465565512861
266	0.439148839749
267	0.404297259593
268	0.388630388642
269	0.38526446478
270	0.417776212751
271	0.43074847899
272	0.4372571485
273	0.385242113913
274	0.34241162743
275	0.349100499255
276	0.372760179326
277	0.363521698304
278	0.349126244333
279	0.292446053401
280	0.283394274068
281	0.254264385039
282	0.30444512751
283	0.326935294506
284	0.304154073408
285	0.294948437623
286	0.281639830912
287	0.303436829647
288	0.26389679194
289	0.260779414436
290	0.240521780935
291	0.247912075582
292	0.21034890616
293	0.203950272157
294	0.201027074818
295	0.195982686992
296	0.176264037523
297	0.142851057494
298	0.123175146245
299	0.0899527088778
300	0.080714445251
301	0.0857994986252
302	0.127643532618
303	0.134571479651
304	0.134091291412
305	0.0765242467902
306	0.057391591719
307	0.04133789042
308	0.0348992938008
309	0.01944107371
310	0.0166917657915
311	0.0211548817933
312	0.0149523345978
313	-0.00915518006052
314	-0.0224925563797
315	-0.0458927260212
316	-0.0566291211914
317	-0.075047698489
318	-0.0618152663797
319	-0.0777316876989
320	-0.0989161464854
321	-0.138181028645
322	-0.145281646186
323	-0.125820736239
324	-0.124024543973
325	-0.144753923121
326	-0.133391495678
327	-0.144815616399
328	-0.120167611998
329	-0.191582415916
330	-0.212930984582
331	-0.235050284118
332	-0.204505985521
333	-0.168687770221
334	-0.181524152606
335	-0.198634211012
336	-0.232966919691
337	-0.24285469825
338	-0.296889057246
339	-0.33962227235
340	-0.338626337316
341	-0.307462369729
342	-0.268893849806
343	-0.311391645913
344	-0.329642043993
345	-0.372506887357
346	-0.359882576822
347	-0.357592972406
348	-0.362416371931
349	-0.378249531717
350	-0.390718016765
351	-0.382062680361
352	-0.385605683356
353	-0.397980811756
354	-0.41476993569
355	-0.427722859646
356	-0.416597383727
357	-0.39135201408
358	-0.404680793333
359	-0.390329015377
360	-0.435078755127
361	-0.406337789174
362	-0.453721600495
363	-0.437405100485
364	-0.450633727363
365	-0.449390168748
366	-0.44507136274
367	-0.489279925729
368	-0.505479385577
369	-0.550549542276
370	-0.526352646839
371	-0.533838010036
372	-0.519804651119
373	-0.526328470087
374	-0.537563189524
375	-0.57300704024
376	-0.603991410217
377	-0.59720476969
378	-0.626293458245
379	-0.664879822586
380	-0.701017367597
381	-0.686579201412
382	-0.649991161722
383	-0.640204528116
384	-0.627315341464
385	-0.641074505266
386	-0.647173282307
387	-0.670947602135
388	-0.677716672796
389	-0.652155600409
390	-0.661793109233
391	-0.678526972271
392	-0.683059322332
393	-0.658573323118
394	-0.654593241741
395	-0.711337689589
396	-0.709130939596
397	-0.708076208676
398	-0.688595080387
399	-0.737117333302
400	-0.740052780188
401	-0.748271767612
402	-0.741541484004
403	-0.8098123052
404	-0.829581724218
405	-0.876605988112
406	-0.83441859486
407	-0.867926889888
408	-0.837817161229
409	-0.838865857119
410	-0.845617034112
411	-0.829319207838
412	-0.861602808132
413	-0.83124266972
414	-0.863101933222
415	-0.862320804856
416	-0.891753423415
417	-0.935366203277
418	-0.961841657415
419	-0.94750845881
420	-0.932027625584
421	-0.87616730311
422	-0.880415768737
423	-0.897780958285
424	-0.938389642479
425	-0.94516838535
426	-0.911660860759
427	-0.902526122592
428	-0.928633916149
429	-0.932796517117
430	-0.900525767032
431	-0.888223124029
432	-0.909690314946
433	-0.971454539772
434	-0.987866975213
435	-0.969690618834
436	-0.942685704214
437	-0.901618293303
438	-0.933933001456
439	-0.937268335514
440	-0.965602664506
441	-0.953193419327
442	-0.982940727927
443	-0.972390781124
444	-0.970085455438
445	-0.950535877159
446	-0.988820201941
447	-1.00724046746
448	-1.00891567616
449	-0.976949958026
450	-0.949489568345
451	-0.968384742538
452	-0.978269426614
453	-1.03251742645
454	-0.998351630595
455	-0.996763727987
456	-0.948613023314
457	-0.981803097759
458	-0.995739706622
459	-0.994147701854
460	-0.994665400504
461	-0.994669101285
462	-1.04045376252
463	-1.01667358903
464	-1.02496001607
465	-0.985208912233
466	-1.01649502673
467	-0.992577267811
468	-1.02562151547
469	-0.999180505838
470	-1.01329142543
471	-0.978681489083
472	-0.988970945904
473	-0.975580776616
474	-0.956834121567
475	-0.96269709321
476	-0.962651889655
477	-1.00952534983
478	-0.994106475651
479	-1.00062692479
480	-0.999416639347
481	-1.00563479882
482	-0.996846377855
483	-0.986065631153
484	-1.02020541377
485	-0.994301414471
486	-0.991198372567
487	-0.9595838884
488	-1.004668951
489	-0.993025917646
490	-0.970084990857
491	-0.945453366118
492	-0.896385470032
493	-0.889216692508
494	-0.916110492035
495	-0.945766136504
496	-0.959189012448
497	-0.945601148689
498	-0.970549049162
499	-0.987280697957
500	-0.944405573786
501	-0.900522962716
502	-0.882212085679
503	-0.894500945208
504	-0.906649242203
505	-0.904435827311
506	-0.936573578699
507	-0.917409772752
508	-0.917783121909
509	-0.899750322691
510	-0.91817484661
511	-0.909560860344
512	-0.936772075664
513	-0.936186281609
514	-0.919353505016
515	-0.914092448824
516	-0.93030376743
517	-0.933738728242
518	-0.924842660174
519	-0.892373756379
520	-0.877755700826
521	-0.85701326288
522	-0.839957562167
523	-0.851827648159
524	-0.806298341785
525	-0.82910575021
526	-0.836435344982
527	-0.868265644786
528	-0.898708885758
529	-0.909809082519
530	-0.913097390057
531	-0.83609710732
532	-0.792081887706
533	-0.755254120845
534	-0.781292396796
535	-0.759745285274
536	-0.777776436348
537	-0.761388866314
538	-0.794586995808
539	-0.7856784915
540	-0.766235957115
541	-0.755303704597
542	-0.735877628619
543	-0.766556736473
544	-0.743215685088
545	-0.719627837848
546	-0.673722100852
547	-0.668375154746
548	-0.64526489998
549	-0.651559858778
550	-0.659830572747
551	-0.680709735654
552	-0.6695023037
553	-0.64381913295
554	-0.64243846448
555	-0.62354886537
556	-0.645530831095
557	-0.627200889913
558	-0.647537605179
559	-0.606366289621
560	-0.609004759326
561	-0.616296198084
562	-0.638697754325
563	-0.634485615828
564	-0.60568374713
565	-0.579548187332
566	-0.584497122245
567	-0.597806772405
568	-0.583234295653
569	-0.54441854868
570	-0.508643604163
571	-0.516382620756
572	-0.540835972153
573	-0.530594781899
574	-0.514271472422
575	-0.478647281013
576	-0.469911538781
577	-0.444893018908
578	-0.471132476703
579	-0.464369287302
580	-0.481723439059
581	-0.418693516731
582	-0.389097047822
583	-0.387737923228
584	-0.396645406292
585	-0.399629114831
586	-0.398408707274
587	-0.407806626759
588	-0.418595680434
589	-0.347166873478
590	-0.340520361884
591	-0.341117373042
592	-0.413156451698
593	-0.359219515832
594	-0.350352467475
595	-0.291748513589
596	-0.330343563325
597	-0.310405824126
598	-0.289128621467
599	-0.278283714019
600	-0.273690933864
601	-0.266652077776
602	-0.23312182429
603	-0.216543181273
604	-0.216790827738
605	-0.181800583781
606	-0.168007631591
607	-0.132614645292
608	-0.134042795186
609	-0.135522246118
610	-0.178410530823
611	-0.197481134007
612	-0.174459930429
613	-0.141996386011
614	-0.122246494312
615	-0.0829589138344
616	-0.0904442462001
617	-0.0777507507621
618	-0.11708678659
619	-0.0915034645623
620	-0.0707591189587
621	-0.031953833557
622	-0.0568794447823
623	-0.0801786703406
624	-0.103696722635
625	-0.054212228526
626	-0.0169192236409
627	0.045388635777
628	0.0612952439015
629	0.0770163911955
630	0.0747977069996
631	0.102589397048
632	0.0992514772692
633	0.0850333631827
634	0.0461976660944
635	0.0481477817848
636	0.0511225356433
637	0.0847126801322
638	0.0867784800228
639	0.137053186876
640	0.145376694605
641	0.161279513106
642	0.160092084969
643	0.157406020721
644	0.209301687191
645	0.189649233435
646	0.203110774623
647	0.168550967736
648	0.170914287082
649	0.183692335984
650	0.192150584449
651	0.223190194975
652	0.228115438705
653	0.247576613178
654	0.285016968362
655	0.286098674869
656	0.267416190492
657	0.223592182124
658	0.250113777567
659	0.304448339061
660	0.318183654926
661	0.298825360104
662	0.283119455018
663	0.294523933572
664	0.31533287787
665	0.358645442023
666	0.392437753545
667	0.412043399949
668	0.414838662765
669	0.414483423722
670	0.407832857783
671	0.420240214828
672	0.41534961826
673	0.452311573218
674	0.445734789703
675	0.48491934642
676	0.490559303598
677	0.475290625271
678	0.455202679062
679	0.451918845841
680	0.478239537207
681	0.493777447337
682	0.511548027373
683	0.486077532674
684	0.479712402987
685	0.522571448586
686	0.579906355348
687	0.632615065869
688	0.613576898975
689	0.608551776822
690	0.575534912321
691	0.590854965644
692	0.589831617131
693	0.622602850166
694	0.608511067395
695	0.605983759422
696	0.57420722294
697	0.624199007477
698	0.662223480394
699	0.709766497089
700	0.684652371192
701	0.658351093216
702	0.665635303785
703	0.661404416887
704	0.712610217273
705	0.714391580588
706	0.742859482385
707	0.738360559765
708	0.730988571887
709	0.72282399281
710	0.723491081869
711	0.757876727734
712	0.734533244778
713	0.734504615972
714	0.707439272371
715	0.775486269782
716	0.773311221318
717	0.791118808192
718	0.781449248961
719	0.813432683477
720	0.822539510779
721	0.824071976659
722	0.808415858773
723	0.823237973799
724	0.85914276008
725	0.875312940612
726	0.867926540279
727	0.849679963529
728	0.827152758865
729	0.846150419431
730	0.835511177892
731	0.867808809686
732	0.841833678119
733	0.844159818417
734	0.85246269166
735	0.889530217705
736	0.85637974099
737	0.875779368796
738	0.876791931322
739	0.939045784175
740	0.899039385711
741	0.901105445789
742	0.882061436827
743	0.910619240256
744	0.934049934974
745	0.924060176853
746	0.90655647403
747	0.87832744897
748	0.910979494451
749	0.973167740895
750	0.997539190766
751	1.01468280203
752	0.982796745137
753	0.980661653465
754	0.922149821146
755	0.937875682237
756	0.935991670381
757	0.964119916396
758	0.944262929503
759	0.942841458596
760	0.944408544973
761	0.962220224339
762	0.989577847376
763	0.99687630868
764	1.01266745771
765	0.996738165572
766	1.00820413452
767	0.954277683407
768	0.976733198096
769	1.00294845683
770	1.03948797132
771	1.01086225453
772	0.968161687759
773	0.938859385991
774	0.946685939773
775	0.994568565768
776	1.02852827355
777	1.05909831528
778	1.0230570511
779	0.99207861579
780	0.994523526335
781	1.00891318766
782	1.04826929273
783	1.06018608781
784	1.04411142423
785	1.01020278708
786	0.964304104047
787	0.96681122027
788	0.995769036899
789	1.01032664625
790	1.00980309437
791	1.00688930703
792	1.0099293153
793	1.0133754048
794	1.01024206423
795	0.984056991986
796	0.987319917806
797	0.972181797215
798	0.980071976343
799	0.968744642363
800	0.986513918213
801	0.991098577271
802	0.995829955829
803	0.969086743196
804	0.950094037268
805	0.965161239491
806	0.972747774041
807	0.990283226624
808	0.976170764365
809	0.952325408353
810	0.940838155579
811	0.932241808207
812	0.935725913174
813	0.916249672292
814	0.944668380697
815	0.970574953343
816	1.00462905957
817	0.967192633381
818	0.948554819414
819	0.925287851775
820	0.916708435635
821	0.918901780813
822	0.917504495805
823	0.922763732385
824	0.91370977332
825	0.922126104978
826	0.918246900649
827	0.916451785209
828	0.931472510768
829	0.925978401095
830	0.920448273864
831	0.861672017695
832	0.887088068135
833	0.915448800842
834	0.966780191835
835	0.954640736282
836	0.945727355264
837	0.893307363473
838	0.857986189319
839	0.826223507454
840	0.839213095548
841	0.85890538243
842	0.851557873045
843	0.86544844842
844	0.841672156947
845	0.892581328369
846	0.87599048025
847	0.875052835793
848	0.791068629753
849	0.793519146421
850	0.763599963785
851	0.787378450503
852	0.762784753374
853	0.780630201265
854	0.773456194236
855	0.768238075091
856	0.780647215143
857	0.770916814313
858	0.765382469583
859	0.761264602386
860	0.743512881138
861	0.724077527182
862	0.726046210604
863	0.725060213327
864	0.713101855038
865	0.644039226864
866	0.630952613121
867	0.636289021756
868	0.670268396137
869	0.661356785123
870	0.67873018808
871	0.662838334863
872	0.651531572234
873	0.599430919119
874	0.590613377923
875	0.594028243479
876	0.630087634548
877	0.611779914069
878	0.582986182842
879	0.571107597966
880	0.574801079059
881	0.578973628925
882	0.550299464546
883	0.548028730473
884	0.549106435385
885	0.540252449662
886	0.523685039232
887	0.502880161269
888	0.4911946067
889	0.492215204078
890	0.506613489134
891	0.528697963532
892	0.501652161238
893	0.455686507443
894	0.446711004662
895	0.42428956309
896	0.462470370018
897	0.43635080908
898	0.436776347363
899	0.407945593325
900	0.406175061951
901	0.420122120802
902	0.436992175946
903	0.40650421436
904	0.394668047983
905	0.374549166528
906	0.305618152932
907	0.285244878752
908	0.275164730767
909	0.330399266817
910	0.324702001475
911	0.280379763369
912	0.250882495727
913	0.240788965344
914	0.241690872355
915	0.261119111677
916	0.248824249173
917	0.261827039368
918	0.238632414728
919	0.246926090107
920	0.221910070316
921	0.20749456802
922	0.185991073526
923	0.170672117993
924	0.181758510333
925	0.160610867833
926	0.158690436227
927	0.136999933865
928	0.155722724014
929	0.162010035998
930	0.148524000648
931	0.136886722379
932	0.146725322154
933	0.123903472327
934	0.0940640226261
935	0.0528596672323
936	0.0357286131215
937	0.0146476986369
938	0.00112205310741
939	0.00571682152537
940	-0.00619941046424
941	-0.00287936156405
942	-0.0139663589644
943	-0.00634951049416
944	-0.00239226389646
945	0.0147210149392
946	0.0014252738391
947	-0.0494174494041
948	-0.0648868123948
949	-0.0552641969812
950	-0.0652556772222
951	-0.113340463698
952	-0.142146873272
953	-0.151009544728
954	-0.122640171554
955	-0.136524011028
956	-0.129874313533
957	-0.153671450358
958	-0.167002722445
959	-0.19682426903
960	-0.196395214215
961	-0.195662130065
962	-0.171411001013
963	-0.206925102016
964	-0.255695818706
965	-0.306798549061
966	-0.265145617504
967	-0.248307094199
968	-0.254208882184
969	-0.303186707451
970	-0.318432925704
971	-0.290858351207
972	-0.297064695337
973	-0.265368629379
974	-0.293679299786
975	-0.303738475375
976	-0.329551187089
977	-0.357401122518
978	-0.352194601973
979	-0.396499094275
980	-0.364121911339
981	-0.396576756281
982	-0.412584142597
983	-0.410615027744
984	-0.3861443196
985	-0.365307991286
986	-0.402797785705
987	-0.430012166759
988	-0.437719361158
989	-0.45364309594
990	-0.458105815365
991	-0.493339701875
992	-0.496734743588
993	-0.53805261391
994	-0.505768923646
995	-0.497317585404
996	-0.47680190989
997	-0.497177533839
