0	0.03283481254
1	0.0441208544087
2	0.0496212930412
3	0.0833506409863
4	0.0920501060878
5	0.0721391714771
6	0.0762995497523
7	0.0681957792711
8	0.0587258667221
9	0.133293846114
10	0.130466804344
11	0.0988067568854
12	0.10183928163
13	0.15786095992
14	0.174880084937
15	0.18497804954
16	0.177583098526
17	0.121773488623
18	0.1467299791
19	0.185313008051
20	0.204878197592
21	0.208980153034
22	0.212222415641
23	0.271608932251
24	0.295783762629
25	0.250562165249
26	0.267006794415
27	0.322581213606
28	0.303401164664
29	0.324760824665
30	0.363301550424
31	0.307710255368
32	0.333015788868
33	0.391781812908
34	0.365018247618
35	0.381587344308
36	0.43379426943
37	0.404371489557
38	0.385944223593
39	0.406491372738
40	0.396464880967
41	0.423092482598
42	0.441356394703
43	0.40750723132
44	0.445896997595
45	0.452903299085
46	0.412946849336
47	0.464294685686
48	0.523579635748
49	0.514029112789
50	0.548105826688
51	0.573579639906
52	0.535028822359
53	0.541317214883
54	0.554503119834
55	0.535439269342
56	0.54580296234
57	0.595432289646
58	0.617420173143
59	0.620704361079
60	0.646133694294
61	0.637618376306
62	0.594487188059
63	0.61224668283
64	0.611823237263
65	0.605057949636
66	0.638389915925
67	0.636764999213
68	0.657124698587
69	0.634082111202
70	0.665134079046
71	0.703818043043
72	0.688929141398
73	0.687373080385
74	0.691674471707
75	0.722944139683
76	0.738834552802
77	0.730880701011
78	0.721404049488
79	0.717025319753
80	0.709198427315
81	0.718531068321
82	0.734683336117
83	0.754938284913
84	0.776576103623
85	0.758022852322
86	0.747184893643
87	0.716936693126
88	0.7138430234
89	0.779960298485
90	0.81369231937
91	0.808764934817
92	0.765707982871
93	0.779954169119
94	0.809921653636
95	0.803938325681
96	0.855504874833
97	0.871786448249
98	0.800889297276
99	0.838178984638
100	0.891870436367
101	0.875426139512
102	0.840779047456
103	0.881612081829
104	0.899184623065
105	0.868621235314
106	0.945130427121
107	0.949288401713
108	0.886270717677
109	0.921391050321
110	0.950683693453
111	0.954305275751
112	0.963521590909
113	0.903772122547
114	0.907597141216
115	0.941756804895
116	0.884220505818
117	0.922050291337
118	0.946940118224
119	0.873787452127
120	0.90889125357
121	0.948519466194
122	0.937254189007
123	0.980122621792
124	0.946094161517
125	0.925363530935
126	0.979728805838
127	0.99077193283
128	0.969191940308
129	0.934507821091
130	1.00480904127
131	1.04147510015
132	0.996870643942
133	0.960787391802
134	0.924916233033
135	0.946824311622
136	0.956650606455
137	0.934745377428
138	0.950855762481
139	0.991166664346
140	0.964037586743
141	1.00872653651
142	1.06152749838
143	0.990808303045
144	0.893763750163
145	0.910415841557
146	0.997703187555
147	1.03629187418
148	1.05822350325
149	0.967028979939
150	0.916681836329
151	0.931977098986
152	0.94275355971
153	1.00615174841
154	1.02602889557
155	1.00625389913
156	1.03569670622
157	1.05504846142
158	1.03433167851
159	0.992924235747
160	0.977292140573
161	1.02852890395
162	0.990844233538
163	0.940821709899
164	0.967186043913
165	1.0057831944
166	1.0814262102
167	1.08847590537
168	1.01708442023
169	1.01070029152
170	0.979316869047
171	0.976941491053
172	0.988043911652
173	0.983944284824
174	0.927521508909
175	0.954444263548
176	1.05530875848
177	0.97273173458
178	0.927750752538
179	0.93021098709
180	0.934161035178
181	0.967751386579
182	0.966212512794
183	0.969520753362
184	0.965963078342
185	0.938411124135
186	0.959734471895
187	0.952361024442
188	0.947320692976
189	0.976481045288
190	0.932972374651
191	0.902222437466
192	0.897404149615
193	0.891661900717
194	0.879276087682
195	0.891880086094
196	0.919467413951
197	0.949133869617
198	0.96094561585
199	0.909058158951
200	0.891359298657
201	0.888021015749
202	0.86369027184
203	0.846631760131
204	0.901349924081
205	0.926432264926
206	0.953855829478
207	0.992835722441
208	0.870199702833
209	0.799908780534
210	0.819344282364
211	0.761898481389
212	0.776174157485
213	0.827457572395
214	0.889104353471
215	0.866508573444
216	0.756073384803
217	0.74965525496
218	0.796850015421
219	0.808568259051
220	0.765839164869
221	0.785245491774
222	0.780506404235
223	0.778870985217
224	0.855460893146
225	0.80521855882
226	0.742585744784
227	0.764451441831
228	0.744727687036
229	0.70631718453
230	0.700293217993
231	0.702564491431
232	0.698273143432
233	0.750559399653
234	0.737228190102
235	0.687679338096
236	0.689488315933
237	0.657025063869
238	0.673566942745
239	0.703105085962
240	0.660863173255
241	0.61747417638
242	0.620617778991
243	0.61436369729
244	0.59799423235
245	0.614330255431
246	0.575580926456
247	0.534121967494
248	0.592142793099
249	0.578534428616
250	0.522494747806
251	0.58280341006
252	0.618847363691
253	0.608059702172
254	0.607072548256
255	0.53009549347
256	0.484673241964
257	0.502182500617
258	0.504937039381
259	0.510285059961
260	0.535911130441
261	0.515894632667
262	0.476826773016
263	0.473672475389
264	0.458388808944
265	0.425010244582
266	0.381770095488
267	0.382611132283
268	0.396461052362
269	0.425488831652
270	0.450837153598
271	0.425682455986
272	0.357229284036
273	0.308568871993
274	0.371470033998
275	0.402752111881
276	0.330200670567
277	0.336019131509
278	0.296138644526
279	0.231602715169
280	0.278746628964
281	0.32771492469
282	0.34060907937
283	0.278310047812
284	0.279734639366
285	0.306837715625
286	0.291042635848
287	0.253120080908
288	0.242851592808
289	0.255980119341
290	0.233819072627
291	0.197592280645
292	0.190037414202
293	0.219836325614
294	0.185640902898
295	0.15289285826
296	0.140138881368
297	0.10600756598
298	0.0735453353358
299	0.0764478298778
300	0.0997777506007
301	0.143938966386
302	0.149605801416
303	0.109449388791
304	0.0568681170954
305	0.0345562518771
306	0.0566698542361
307	0.023129670218
308	0.0017110268121
309	0.0293585622221
310	0.0257003823429
311	-0.000898119978401
312	-0.0161065305585
313	-0.0304669541234
314	-0.0560044389195
315	-0.0673113777761
316	-0.074199412825
317	-0.0637836567019
318	-0.071337361591
319	-0.129850732984
320	-0.15445766812
321	-0.140885611141
322	-0.111310294375
323	-0.122572014802
324	-0.169285391465
325	-0.125360721933
326	-0.122664554718
327	-0.149449565945
328	-0.195510921207
329	-0.261809613595
330	-0.214651368249
331	-0.182873422616
332	-0.162265842748
333	-0.180178618877
334	-0.227793083804
335	-0.239429993374
336	-0.246509349733
337	-0.323676290137
338	-0.384581354523
339	-0.309115269837
340	-0.275436436206
341	-0.279982623259
342	-0.315009184113
343	-0.366558727486
344	-0.371655485426
345	-0.360369983356
346	-0.344187855059
347	-0.375456178091
348	-0.391354822324
349	-0.386640322309
350	-0.381175901057
351	-0.38368632221
352	-0.410517519401
353	-0.424922279558
354	-0.428299394045
355	-0.413258691456
356	-0.37036601121
357	-0.410424508454
358	-0.4117241934
359	-0.4159629539
360	-0.434437669151
361	-0.439688461453
362	-0.462563920866
363	-0.429805859453
364	-0.457666063848
365	-0.454220373931
366	-0.489640494925
367	-0.548278098104
368	-0.546124798752
369	-0.520950386817
370	-0.523210799742
371	-0.536302805172
372	-0.509686076894
373	-0.54984860735
374	-0.606320660402
375	-0.609328407934
376	-0.586145201526
377	-0.639773732443
378	-0.710840987278
379	-0.698231065554
380	-0.672322800683
381	-0.634301678464
382	-0.62866905561
383	-0.638309070296
384	-0.635606644189
385	-0.658455966874
386	-0.683118715599
387	-0.681421729923
388	-0.630267964285
389	-0.659233370255
390	-0.720978787717
391	-0.662167283933
392	-0.629302896524
393	-0.678279666831
394	-0.741313833641
395	-0.711109443306
396	-0.673387445461
397	-0.710510044827
398	-0.754671130244
399	-0.750573995163
400	-0.727241696292
401	-0.756904185969
402	-0.842884801546
403	-0.859302056612
404	-0.857094710336
405	-0.85014010751
406	-0.846283409277
407	-0.86219255989
408	-0.806548558356
409	-0.8579832186
410	-0.847872585969
411	-0.830527219387
412	-0.860868411423
413	-0.850121273605
414	-0.877144422091
415	-0.903845646711
416	-0.959689371236
417	-0.982276773091
418	-0.92205903001
419	-0.914968323488
420	-0.875265039542
421	-0.84464124474
422	-0.947388806251
423	-0.962225850156
424	-0.915722385338
425	-0.90729563367
426	-0.898262456018
427	-0.941181968423
428	-0.952701225457
429	-0.856100232343
430	-0.874321878792
431	-0.966448047328
432	-0.980947355958
433	-0.991586869191
434	-0.963802165921
435	-0.913175449459
436	-0.889478380895
437	-0.950673111785
438	-0.966650512776
439	-0.936982875469
440	-0.974560737504
441	-0.992657607909
442	-0.965778918165
443	-0.955277828769
444	-0.959875251961
445	-0.993881037921
446	-1.04033471422
447	-0.990018463292
448	-0.94844527377
449	-0.951195552494
450	-0.97717064006
451	-0.991615061174
452	-1.04739457835
453	-1.00729394603
454	-0.937984513487
455	-0.972786667434
456	-0.984853000689
457	-1.00867453845
458	-0.991303573576
459	-0.983241541511
460	-1.0094566376
461	-1.0599861166
462	-1.01624827312
463	-0.986216017919
464	-1.01278910141
465	-1.00355078911
466	-0.997268551285
467	-1.02647883452
468	-1.01345564615
469	-0.978773416229
470	-0.995730309389
471	-0.976974926861
472	-0.974122347529
473	-0.947525072884
474	-0.957649401752
475	-0.982848999661
476	-1.01776745782
477	-1.00483128075
478	-0.969501362098
479	-1.02573270337
480	-1.01234309178
481	-0.96564596986
482	-0.996378951869
483	-1.04738164565
484	-0.977999644838
485	-0.952868390068
486	-0.995305356546
487	-0.998205512489
488	-1.00303143394
489	-0.943429416329
490	-0.926846685197
491	-0.892482152699
492	-0.859074405914
493	-0.956434218201
494	-0.977306318693
495	-0.923692186534
496	-0.956186736479
497	-0.994346373764
498	-0.986211510436
499	-0.916971523415
500	-0.864209770902
501	-0.892921278276
502	-0.907938497154
503	-0.900865505687
504	-0.907823601429
505	-0.952825001898
506	-0.920326423849
507	-0.879637916245
508	-0.926335826807
509	-0.9209140109
510	-0.894353722725
511	-0.954231670388
512	-0.960852142797
513	-0.868225866753
514	-0.92109092121
515	-0.977277536418
516	-0.89769528588
517	-0.912899260325
518	-0.915230078625
519	-0.827064846859
520	-0.859858520076
521	-0.858532870636
522	-0.819286424776
523	-0.809369689502
524	-0.824450023713
525	-0.864491929572
526	-0.868109531366
527	-0.917860334877
528	-0.926807086172
529	-0.889692287815
530	-0.807292372078
531	-0.745283832646
532	-0.768427808103
533	-0.791108135712
534	-0.75202057929
535	-0.763153867431
536	-0.793573507272
537	-0.777236418479
538	-0.799588305211
539	-0.751046949233
540	-0.731674238124
541	-0.754050812467
542	-0.767926497046
543	-0.742681322829
544	-0.683657464529
545	-0.663686120691
546	-0.665802298176
547	-0.640971663221
548	-0.638463176739
549	-0.687650807326
550	-0.684696478537
551	-0.652970773169
552	-0.63231490327
553	-0.644100719707
554	-0.622565371799
555	-0.636953453191
556	-0.649578756521
557	-0.625575532925
558	-0.605701552753
559	-0.591779487741
560	-0.640470395621
561	-0.650241045253
562	-0.619063614356
563	-0.590949384828
564	-0.567834902509
565	-0.587283677028
566	-0.618337262437
567	-0.565940662621
568	-0.507201341441
569	-0.506451225203
570	-0.523886770735
571	-0.555489893426
572	-0.527769466918
573	-0.484040021138
574	-0.477568642097
575	-0.461229566455
576	-0.433408627981
577	-0.479400048981
578	-0.490443969047
579	-0.449295071515
580	-0.410886393125
581	-0.351504382192
582	-0.40286168126
583	-0.422208930829
584	-0.369341169595
585	-0.405506632733
586	-0.434475198721
587	-0.399621629335
588	-0.314547002812
589	-0.317362220896
590	-0.390547378681
591	-0.423501137533
592	-0.344515435082
593	-0.296341402346
594	-0.322294634168
595	-0.314502078856
596	-0.324327368151
597	-0.260472221381
598	-0.266318913696
599	-0.301170836748
600	-0.243024767016
601	-0.205465249335
602	-0.226007491995
603	-0.218528272187
604	-0.153351353096
605	-0.152832697774
606	-0.144749364454
607	-0.102404098489
608	-0.157194099012
609	-0.21130096791
610	-0.195342430323
611	-0.151268198422
612	-0.128073845916
613	-0.117022276147
614	-0.0627119901569
615	-0.0803704737479
616	-0.109210031538
617	-0.102675800742
618	-0.100999544448
619	-0.0397185300916
620	-0.0133513542339
621	-0.0801800331835
622	-0.112055785267
623	-0.0835772710121
624	-0.0412303704616
625	0.0181104632234
626	0.0658240254423
627	0.0760913308521
628	0.0655520963512
629	0.0860777200893
630	0.114450839631
631	0.102232751756
632	0.0597436692917
633	0.0348701228683
634	0.0469043796587
635	0.067130973615
636	0.0897174703895
637	0.100388296228
638	0.145641733731
639	0.177614792264
640	0.136727785573
641	0.167714819276
642	0.171804553686
643	0.210542188906
644	0.216079638347
645	0.162518184835
646	0.178894790356
647	0.167784907035
648	0.185230237208
649	0.210749236407
650	0.227031695521
651	0.239177518591
652	0.247328863712
653	0.312383990007
654	0.296960611128
655	0.220927696906
656	0.218624250889
657	0.27100699174
658	0.342211932312
659	0.320729066929
660	0.262572523305
661	0.289615632451
662	0.31427692713
663	0.310892657582
664	0.385797895128
665	0.429934240642
666	0.390989594471
667	0.419399258959
668	0.433594276302
669	0.380480886997
670	0.428034445618
671	0.444869417016
672	0.428587924582
673	0.473612202783
674	0.49378107682
675	0.495824695424
676	0.45916912106
677	0.440746140016
678	0.460767026278
679	0.493724408277
680	0.503534042261
681	0.510729761528
682	0.482174536282
683	0.455780605682
684	0.565470635395
685	0.632465464823
686	0.620846031606
687	0.615976450836
688	0.596370531254
689	0.563783051626
690	0.589431234069
691	0.617815588468
692	0.611404878409
693	0.617450409466
694	0.592886952351
695	0.559949111725
696	0.644773281549
697	0.724911338532
698	0.688300346142
699	0.678416617747
700	0.647788232723
701	0.659774745031
702	0.682996603253
703	0.718250602956
704	0.739255490583
705	0.728370500921
706	0.75420407172
707	0.721449124837
708	0.705065650489
709	0.742957836692
710	0.774028227223
711	0.721628894853
712	0.707899669049
713	0.733387268612
714	0.783101375569
715	0.80670759247
716	0.756836076227
717	0.795308417033
718	0.840178405397
719	0.818471468954
720	0.811267356805
721	0.81899292739
722	0.817220464664
723	0.887357708764
724	0.897105377609
725	0.830396134962
726	0.84890824314
727	0.835944705489
728	0.825101818816
729	0.86144587168
730	0.86843229087
731	0.834585569156
732	0.825972384777
733	0.884375811182
734	0.902641168088
735	0.831847958772
736	0.863749537818
737	0.933259453586
738	0.926747581841
739	0.897120719401
740	0.876348946008
741	0.901280658516
742	0.911391411101
743	0.954331693228
744	0.921442063412
745	0.870151219685
746	0.885732601404
747	0.928076594044
748	1.01241165757
749	1.01557214588
750	0.99034918575
751	0.990297989128
752	0.964540423025
753	0.899378799764
754	0.926119032287
755	0.985303196876
756	0.938745151003
757	0.938525920969
758	0.953385510177
759	0.938963574208
760	0.967594069584
761	1.02113946378
762	0.99094770072
763	1.00222848509
764	1.02093224912
765	0.984252715936
766	0.938537761838
767	0.97372584448
768	1.05725887608
769	1.03266992167
770	0.985596541024
771	0.950269450739
772	0.924665618862
773	0.953382919044
774	1.03383322041
775	1.04742911953
776	1.05017754332
777	1.02562638673
778	0.946899570289
779	1.00737725617
780	1.05087824453
781	1.02751821989
782	1.0842866064
783	1.04464144178
784	0.952543268788
785	0.964575626122
786	0.979554091566
787	0.999740668065
788	1.02984876509
789	1.00060517777
790	0.994584659239
791	1.03003809649
792	1.01033432444
793	0.99505378262
794	0.98606047726
795	0.975951104807
796	0.977240990464
797	0.975188565065
798	0.970795372528
799	0.98690390327
800	1.00871946743
801	0.984769428952
802	0.953886152158
803	0.940115589585
804	0.978881173395
805	0.987866757318
806	0.977798570285
807	0.984015658882
808	0.930930029911
809	0.924799657105
810	0.953890258663
811	0.923261666304
812	0.900811453233
813	0.967303959947
814	1.00474958788
815	0.990752471538
816	0.962230480003
817	0.920638227651
818	0.92789529913
819	0.914460904335
820	0.911059121208
821	0.929089389383
822	0.920253831692
823	0.905367037482
824	0.928132948274
825	0.927059522686
826	0.896855557827
827	0.947971363452
828	0.941349446515
829	0.880319202471
830	0.851511788353
831	0.891309137922
832	0.960984377192
833	0.971049973902
834	0.950097041082
835	0.929405122336
836	0.879049914688
837	0.818485292163
838	0.828779338308
839	0.850890274032
840	0.867508104627
841	0.847296504554
842	0.860704873018
843	0.852679530479
844	0.887995824477
845	0.912182357973
846	0.826386791615
847	0.760613048731
848	0.789881823915
849	0.785183792663
850	0.751402004855
851	0.788659008298
852	0.775061418805
853	0.767409166149
854	0.770070819037
855	0.785847950165
856	0.771427274982
857	0.747173700697
858	0.771369632274
859	0.738622892316
860	0.691393087892
861	0.745169626472
862	0.740096921533
863	0.671976554542
864	0.623638146777
865	0.616873058658
866	0.660351246881
867	0.6826118213
868	0.654474703709
869	0.673043934796
870	0.684834145911
871	0.613676779939
872	0.577932811179
873	0.593456854445
874	0.605572766478
875	0.637144196117
876	0.620084360331
877	0.534920588919
878	0.576135721963
879	0.607806704656
880	0.546719635357
881	0.539383300194
882	0.561389356978
883	0.544930091615
884	0.527718878978
885	0.523257262749
886	0.488871659025
887	0.478983230179
888	0.507259826963
889	0.511999982676
890	0.53370736936
891	0.499817835119
892	0.402482798543
893	0.451295634496
894	0.45272241859
895	0.426121846576
896	0.469387503481
897	0.414181384608
898	0.383514022943
899	0.423485575362
900	0.432446175823
901	0.429739693937
902	0.403058715699
903	0.368959983878
904	0.38180712219
905	0.269483873122
906	0.235003552214
907	0.336126988942
908	0.33721545522
909	0.309309458276
910	0.261097733769
911	0.226486196598
912	0.249923261239
913	0.24731029871
914	0.256981416098
915	0.260623326466
916	0.248372190248
917	0.24169366443
918	0.238271902574
919	0.223288673629
920	0.1825463813
921	0.18439340739
922	0.168054998589
923	0.17619753651
924	0.16930153215
925	0.13345288743
926	0.140781135558
927	0.16484996383
928	0.17096804063
929	0.12998305051
930	0.127164993401
931	0.168270022889
932	0.110508175433
933	0.0481730441087
934	0.0617043152462
935	0.0230050611758
936	-0.00914490878448
937	0.00979447522509
938	0.00960874550856
939	-0.020127104142
940	-0.00309979940904
941	-0.00204167724165
942	-0.0253323275371
943	0.0142613431928
944	0.0295641109083
945	-0.0196060209338
946	-0.0819463533221
947	-0.0699040184425
948	-0.0283761422994
949	-0.0824996505632
950	-0.157018418518
951	-0.143712936374
952	-0.139003272108
953	-0.127758365941
954	-0.121984635824
955	-0.149854485075
956	-0.153479524937
957	-0.177677249193
958	-0.214583713083
959	-0.197568262591
960	-0.175934040746
961	-0.17710739328
962	-0.214462720517
963	-0.302361267285
964	-0.326917563848
965	-0.228637418714
966	-0.214624084991
967	-0.310512460868
968	-0.310956838593
969	-0.310960150271
970	-0.292019926503
971	-0.278904493043
972	-0.272725567528
973	-0.286941833176
974	-0.336459262037
975	-0.326533398483
976	-0.367435803889
977	-0.370424384364
978	-0.385180356119
979	-0.385326767938
980	-0.370540877374
981	-0.457873703006
982	-0.406384175131
983	-0.330881142878
984	-0.389913148319
985	-0.431364374288
986	-0.427937406088
987	-0.442295511499
988	-0.46681076806
989	-0.458517087398
990	-0.501840420401
991	-0.524754160395
992	-0.52558645545
993	-0.515391690488
994	-0.463651617637
