0	-0.0282278515297
1	0.0341444276877
2	0.00437559052567
3	0.0355954404367
4	0.0769459889327
5	0.0955233708967
6	0.099807297981
7	0.00796011165227
8	0.104342974594
9	0.147284407664
10	0.215728734022
11	0.153972868644
12	0.0486599623788
13	0.118024507741
14	0.0999583774582
15	0.161125620846
16	0.150218311158
17	0.127364946936
18	0.189270625955
19	0.0655208246119
20	0.195701111509
21	0.20021677895
22	0.148123771511
23	0.228378726519
24	0.225414518343
25	0.246080866266
26	0.226967426794
27	0.270415370235
28	0.263931249857
29	0.278724756304
30	0.295597806801
31	0.243039385198
32	0.44177586516
33	0.268904861276
34	0.358839981609
35	0.422910200849
36	0.323413752351
37	0.239044204752
38	0.406624403369
39	0.38981622629
40	0.442739814232
41	0.398129813893
42	0.428213075579
43	0.411905352944
44	0.478558232227
45	0.381180937518
46	0.40123841365
47	0.435266983903
48	0.423223961672
49	0.513407493434
50	0.459005833541
51	0.461756722948
52	0.547435541596
53	0.400185405429
54	0.525885234294
55	0.592577829093
56	0.54398464147
57	0.632959242301
58	0.49521855631
59	0.494971845435
60	0.506781826014
61	0.529504713262
62	0.584067023249
63	0.595661449577
64	0.584026017463
65	0.62060867728
66	0.73717814873
67	0.607761702216
68	0.64012495276
69	0.604312539726
70	0.588268091047
71	0.566952947334
72	0.612502857675
73	0.593912283077
74	0.590280883108
75	0.604453272489
76	0.657188840474
77	0.7184701266
78	0.798116420779
79	0.751771693956
80	0.7082240281
81	0.790372255587
82	0.730822584937
83	0.716295105861
84	0.720967852428
85	0.75991074898
86	0.838772476331
87	0.786253639566
88	0.712537213516
89	0.786900108705
90	0.77696759036
91	0.723244955453
92	0.792063139585
93	0.803273122926
94	0.824184369325
95	0.78875440637
96	0.744032991757
97	0.819264128033
98	0.815336642928
99	0.789397584692
100	0.806741840205
101	0.814041448227
102	0.896700525264
103	0.843210615383
104	0.926751525068
105	0.823900290182
106	0.882061733421
107	0.862157998549
108	0.890152461979
109	0.90525159123
110	0.985839516817
111	0.884915820242
112	0.872971004272
113	0.816291118652
114	0.830368752818
115	0.932139699037
116	0.928245279718
117	0.868494654051
118	0.889793957758
119	0.973072820031
120	0.99433322557
121	0.908539539252
122	1.00976016996
123	0.911767477399
124	0.951731895937
125	0.946181080733
126	1.00509791626
127	0.872113509226
128	0.898854892259
129	0.946058283064
130	0.928310982088
131	0.915082365127
132	0.980799303703
133	0.89018472999
134	0.971352358655
135	0.957185743769
136	0.995034017749
137	0.917756963069
138	1.00309645609
139	0.980504411797
140	0.988882273556
141	0.995054403226
142	1.03884630811
143	0.938239548541
144	0.977814206084
145	1.00099086555
146	1.01673213909
147	1.02238075577
148	1.10206479097
149	1.07774449007
150	1.08579777225
151	1.00225298765
152	1.08845817977
153	1.03350438668
154	0.932862872943
155	0.978021313755
156	1.01493788617
157	1.0954023179
158	1.01058038832
159	0.988391783014
160	1.0655319259
161	0.943506644444
162	0.969087588257
163	1.04943659494
164	1.13774328192
165	1.00047627851
166	1.03905865989
167	0.954963457679
168	0.936217021063
169	0.987902065278
170	1.09023439383
171	1.05622570514
172	1.08090951524
173	0.977780007435
174	0.99192459
175	0.966528350478
176	1.00582024885
177	0.927652325045
178	1.09592348249
179	0.987966552938
180	0.978382901365
181	0.953294569521
182	0.950794069643
183	0.997292397144
184	1.00050925213
185	0.968053961377
186	0.928940711268
187	0.907514974396
188	0.9846629003
189	0.942523953179
190	0.927368929319
191	0.976934952088
192	0.904706471148
193	0.826794176104
194	0.888782137977
195	0.89908627293
196	0.935532704124
197	0.930627896017
198	0.829108799069
199	0.943788371764
200	1.02508512779
201	0.797340331565
202	0.861661031622
203	0.866565093558
204	0.898267845562
205	0.938795625029
206	0.92419657733
207	0.888659738442
208	0.927047626648
209	0.86760749421
210	0.840839103494
211	0.829940195801
212	0.802439751978
213	0.822216613534
214	0.843135480133
215	0.848669574976
216	0.887122018368
217	0.846540853572
218	0.768835303128
219	0.856115535401
220	0.833731918486
221	0.809906629618
222	0.83022929441
223	0.712502454325
224	0.715029704673
225	0.772222026509
226	0.78829738221
227	0.771163065818
228	0.718909686938
229	0.716243718556
230	0.760703109699
231	0.727768435906
232	0.728715612439
233	0.662293648783
234	0.702544903888
235	0.710055922494
236	0.752502412024
237	0.582696149284
238	0.761752229722
239	0.782949760737
240	0.666102036469
241	0.600797150075
242	0.641114292239
243	0.631609133483
244	0.665462687259
245	0.568036833146
246	0.590451857281
247	0.644538754402
248	0.587593812523
249	0.587438958955
250	0.605100467895
251	0.604784605317
252	0.625388248571
253	0.518979730181
254	0.486959730758
255	0.516068365268
256	0.567577071685
257	0.565568034462
258	0.459761785719
259	0.49208877957
260	0.550784321512
261	0.462897477904
262	0.429170677209
263	0.502324314775
264	0.506843202914
265	0.463478006571
266	0.477046314471
267	0.507647493459
268	0.475735634801
269	0.424042255449
270	0.466550997854
271	0.410414195862
272	0.384669554241
273	0.405663788205
274	0.320110735714
275	0.319342214897
276	0.444817785845
277	0.376164044646
278	0.375895087665
279	0.358558577161
280	0.369908717612
281	0.239398265136
282	0.215497370595
283	0.306979345446
284	0.275821003695
285	0.26158189732
286	0.275479126999
287	0.269575287249
288	0.22232273421
289	0.330456651662
290	0.217694602097
291	0.216451150023
292	0.303554027583
293	0.17543332168
294	0.215938950571
295	0.181712367089
296	0.224636764932
297	0.179239529754
298	0.15712908598
299	0.0862950639279
300	0.161362026079
301	0.149329922783
302	0.0944361964507
303	0.116372156946
304	0.0596953871056
305	-0.0251216094508
306	0.0268914636913
307	0.10760337478
308	0.101009116907
309	-0.00463626621562
310	0.0766016200609
311	0.00220879661309
312	0.107233630078
313	-0.0233834889964
314	-0.0505044495145
315	0.0395603245367
316	-0.0623572823363
317	-0.10014679138
318	-0.0771716670106
319	-0.0862888593564
320	-0.0720476296074
321	-0.0622579938941
322	-0.0430470656593
323	-0.162879884344
324	-0.145014282965
325	-0.0761659977582
326	-0.126055123236
327	-0.0476315789646
328	-0.141909409436
329	-0.136190812574
330	-0.0620456352058
331	-0.193253103843
332	-0.143945376543
333	-0.253372941628
334	-0.187574883057
335	-0.110818897947
336	-0.174567514137
337	-0.242791626193
338	-0.280249447014
339	-0.219405251121
340	-0.274461259421
341	-0.259518796883
342	-0.230221032271
343	-0.254694536818
344	-0.397403541321
345	-0.335030655016
346	-0.372048138998
347	-0.394204223519
348	-0.247465387459
349	-0.361048559475
350	-0.377320579402
351	-0.305513222856
352	-0.377329064899
353	-0.319718968057
354	-0.370208559767
355	-0.372767775657
356	-0.462864984686
357	-0.522614600498
358	-0.529980842375
359	-0.439308531626
360	-0.511965586036
361	-0.460449256354
362	-0.441806975086
363	-0.518927742707
364	-0.537405069561
365	-0.561017605247
366	-0.498535433505
367	-0.458794309023
368	-0.598963780478
369	-0.556558576424
370	-0.599346042182
371	-0.516810507889
372	-0.577520794734
373	-0.562787577288
374	-0.555440316801
375	-0.642670290204
376	-0.555394646655
377	-0.672652375049
378	-0.640465092135
379	-0.585173255282
380	-0.66059978768
381	-0.54794070081
382	-0.687019867276
383	-0.617512242342
384	-0.591881008197
385	-0.6534021541
386	-0.676045469615
387	-0.5739121347
388	-0.725534746735
389	-0.644731827192
390	-0.620743370476
391	-0.661699855165
392	-0.728797371058
393	-0.581017384492
394	-0.666409056082
395	-0.671533795274
396	-0.715051414691
397	-0.750426936101
398	-0.680470121678
399	-0.747699569658
400	-0.782034574876
401	-0.784952229545
402	-0.874953190212
403	-0.697609099609
404	-0.777202868893
405	-0.733004220926
406	-0.870977297791
407	-0.837518222958
408	-0.760547500891
409	-0.831911017143
410	-0.897532403052
411	-0.776014183122
412	-0.953921089232
413	-0.86704621954
414	-0.833764418279
415	-0.814638674425
416	-0.905650142682
417	-0.855099672695
418	-0.829774481793
419	-0.863516713942
420	-0.837830489762
421	-0.889447570376
422	-0.859956678317
423	-0.928837237974
424	-0.900831470328
425	-0.826837782806
426	-0.957221046629
427	-0.838755961199
428	-0.898971872318
429	-0.911600861908
430	-0.929329673417
431	-0.912771307296
432	-0.89280525127
433	-0.929990660105
434	-0.892972232168
435	-0.879355984129
436	-0.896246978479
437	-0.859875092638
438	-0.952405091374
439	-0.942979462917
440	-0.929369017955
441	-0.994805880834
442	-0.944968835109
443	-1.01403244533
444	-1.03850497927
445	-0.999888968135
446	-0.96469954028
447	-1.05020127263
448	-0.981081982409
449	-1.00283531137
450	-0.989982213504
451	-1.042581382
452	-0.97573854508
453	-0.98155149057
454	-0.99608940775
455	-1.02596525023
456	-0.962127225574
457	-0.969924011564
458	-1.04371864903
459	-0.956277931742
460	-0.940492918126
461	-0.961819923538
462	-0.980947523449
463	-0.95739519387
464	-0.967043361777
465	-1.04765450927
466	-1.05538584826
467	-0.973385409597
468	-0.970753349838
469	-1.08804940134
470	-1.04890875363
471	-1.1059268321
472	-0.99620014203
473	-0.96517961121
474	-0.984133857476
475	-1.00149799782
476	-0.985772014757
477	-1.03642610224
478	-1.10494556872
479	-0.969636360258
480	-0.870572065095
481	-0.893575027517
482	-1.06798053098
483	-1.1362864579
484	-0.94130191794
485	-0.955871994491
486	-1.031329614
487	-0.97045441377
488	-0.992671970973
489	-0.981655197015
490	-0.951007888652
491	-0.944838248906
492	-0.984634899545
493	-1.0317812525
494	-1.06150555897
495	-1.00101409402
496	-0.940552561023
497	-0.946941647181
498	-0.839438862245
499	-0.918632088668
500	-1.00481631995
501	-1.05282275829
502	-0.849423983705
503	-0.958653009106
504	-0.91569186663
505	-0.953027081585
506	-0.965050007571
507	-0.922319502339
508	-0.966293962983
509	-0.919860651008
510	-0.95797083514
511	-0.956690093976
512	-0.826376117956
513	-0.967324192098
514	-0.843262773854
515	-0.879161492997
516	-0.870171817421
517	-0.935731849537
518	-0.896640836899
519	-0.875011216613
520	-0.87985283584
521	-0.947385916182
522	-0.913861315441
523	-0.90180276857
524	-0.825801882426
525	-0.838300028476
526	-0.823028524108
527	-0.834960603971
528	-0.83151653608
529	-0.857935333907
530	-0.859935122379
531	-0.795375317109
532	-0.754255810592
533	-0.801491471797
534	-0.787842049232
535	-0.773710939824
536	-0.708660685352
537	-0.802765198545
538	-0.753417381454
539	-0.856748597441
540	-0.820768802057
541	-0.781849620937
542	-0.780036730929
543	-0.7599615244
544	-0.772396976277
545	-0.708697365302
546	-0.752669659096
547	-0.679356929924
548	-0.710140061875
549	-0.756855819513
550	-0.635378875675
551	-0.725344133643
552	-0.633372334813
553	-0.606864526295
554	-0.679484069117
555	-0.589523752118
556	-0.662722621478
557	-0.580800334695
558	-0.728549073705
559	-0.609872782472
560	-0.618445534664
561	-0.714603888984
562	-0.570755000774
563	-0.598341019133
564	-0.695339723875
565	-0.621083875481
566	-0.575385412702
567	-0.52340986024
568	-0.554747810507
569	-0.565832881071
570	-0.532041611625
571	-0.54430510163
572	-0.582730298335
573	-0.519330687211
574	-0.552080248397
575	-0.487645151279
576	-0.473682654391
577	-0.486346342243
578	-0.571935901558
579	-0.418115738548
580	-0.401062160908
581	-0.499372182884
582	-0.345118873269
583	-0.50150790972
584	-0.399689533855
585	-0.412275660086
586	-0.320877186951
587	-0.419817209501
588	-0.377730569072
589	-0.364997860552
590	-0.303920603945
591	-0.370643750564
592	-0.471965482957
593	-0.335783222604
594	-0.292774377177
595	-0.423075627876
596	-0.235425567052
597	-0.353415145551
598	-0.224008800775
599	-0.305218369649
600	-0.309157712436
601	-0.214301253255
602	-0.364345740042
603	-0.254008606255
604	-0.279253564089
605	-0.267238705756
606	-0.191062397672
607	-0.221605350215
608	-0.162263555487
609	-0.127172043422
610	-0.159610488353
611	-0.15346324448
612	-0.186901515649
613	-0.100375193531
614	-0.187986999525
615	-0.171661289737
616	-0.0939106479042
617	-0.0877633940844
618	-0.0800735068384
619	-0.0492962147015
620	-0.0363555116874
621	-0.126642821058
622	-0.036291888549
623	0.0479591451128
624	-0.0721016273818
625	-0.0558158537748
626	0.0382281340089
627	0.000991653739868
628	0.0458753487552
629	0.0328063519784
630	0.0188642827817
631	0.0552138503524
632	0.00723575559135
633	0.0788272093104
634	0.00518246641848
635	0.0406747397956
636	0.0693003107723
637	0.0237857880147
638	0.135291758752
639	0.0841059421592
640	0.126231585566
641	0.0668171828471
642	0.109322443082
643	0.209697413099
644	0.21419791272
645	0.145045130574
646	0.0728170053185
647	0.165678791026
648	0.184877318391
649	0.296862312866
650	0.195281304961
651	0.153893433914
652	0.182541105091
653	0.155561370988
654	0.252398975323
655	0.31316828042
656	0.33281629323
657	0.274771607948
658	0.188346283061
659	0.32309512725
660	0.385737386976
661	0.339883230228
662	0.30607144133
663	0.298662413487
664	0.319420608117
665	0.409063638435
666	0.384773439937
667	0.387962978071
668	0.381641986378
669	0.400983748147
670	0.431793204176
671	0.387750204258
672	0.406173561803
673	0.329191298977
674	0.429328788694
675	0.411937510031
676	0.404103284789
677	0.470915756026
678	0.563093600748
679	0.498561633325
680	0.518207316472
681	0.514935691167
682	0.517119590485
683	0.52731725037
684	0.458834262677
685	0.50704503678
686	0.550296641138
687	0.504234591994
688	0.542656934307
689	0.529651975668
690	0.493396432009
691	0.614176468013
692	0.5788773424
693	0.595923035033
694	0.72686560661
695	0.650920385968
696	0.70050870649
697	0.686703701238
698	0.606034924155
699	0.569313304018
700	0.622083936713
701	0.646234437223
702	0.670114514909
703	0.702414828481
704	0.692344513769
705	0.687388105849
706	0.680571479735
707	0.72864967083
708	0.657387166689
709	0.700221271621
710	0.732825556831
711	0.649035777941
712	0.813523421894
713	0.71385703254
714	0.845804664587
715	0.720410562362
716	0.732917904411
717	0.747450733825
718	0.782993483829
719	0.780817675065
720	0.84231455483
721	0.851871040778
722	0.786452748983
723	0.848441171032
724	0.787016278742
725	0.878186756428
726	0.892125696911
727	0.829739126796
728	0.829958372751
729	0.848521554053
730	0.875613993021
731	0.940454330845
732	0.860669971039
733	0.851353099641
734	0.852634383498
735	0.852462434303
736	0.870447830028
737	0.854559819719
738	0.853283811218
739	0.859801520481
740	0.853978508326
741	0.88934634568
742	0.874531097905
743	0.917799645239
744	0.988915685923
745	0.87970061529
746	0.853408941641
747	0.939166526629
748	0.935748867626
749	0.894914968661
750	0.939246248552
751	1.06092319202
752	0.938627692875
753	0.993795043848
754	0.926274119616
755	0.94887986394
756	1.03858166404
757	0.936270447792
758	0.99634608527
759	0.922215820911
760	1.04700105852
761	0.93310252047
762	0.978337105831
763	0.940789829253
764	0.952014026792
765	0.947163462844
766	0.929000702351
767	0.99375302292
768	1.09144774966
769	1.02704401781
770	1.02138503599
771	0.992835932787
772	1.00517296269
773	0.987833176691
774	1.11303324059
775	0.969070439826
776	1.01049044942
777	1.02310787775
778	1.0476695536
779	1.07150611368
780	1.02593762039
781	1.02585338223
782	0.974321759547
783	1.0049010055
784	0.906052897098
785	0.982672137143
786	0.993110532116
787	1.06510984615
788	1.06194027917
789	1.03377722179
790	0.937745850376
791	1.02002703623
792	0.954748809111
793	0.941600132334
794	0.948004218953
795	0.970489970773
796	1.08789346745
797	0.952779190774
798	0.971316131165
799	0.960266690842
800	1.05660082055
801	0.915825528915
802	0.865876403642
803	1.03295410281
804	0.981646019969
805	1.00242349325
806	0.992114970217
807	1.00452557903
808	0.965430996054
809	0.98869283365
810	1.0768474861
811	0.999427593712
812	0.964727112903
813	0.902666767806
814	1.01455671875
815	0.929704510416
816	0.947773132482
817	0.946466726744
818	1.05172607749
819	0.90302417255
820	0.908717958901
821	0.968786035265
822	0.947284269861
823	1.02749410277
824	0.94059639679
825	0.917610099174
826	0.777202879796
827	0.928675723835
828	0.951813555098
829	0.811318540514
830	0.972729889785
831	0.920999180661
832	0.958244110882
833	0.876233614435
834	0.812559228804
835	0.912245483982
836	0.916680092315
837	0.899950741872
838	0.915596213172
839	0.986321951846
840	0.890017847235
841	0.824847270984
842	0.769256688654
843	0.81442997176
844	0.818053047388
845	0.691917361285
846	0.830846465768
847	0.852636180084
848	0.911376820849
849	0.755319993094
850	0.856534707023
851	0.92029501472
852	0.739973000844
853	0.74813869467
854	0.812296794122
855	0.763687541339
856	0.788365996902
857	0.817655422436
858	0.745469193866
859	0.722395878666
860	0.662196168864
861	0.737483038258
862	0.728855369519
863	0.667959967388
864	0.682776814916
865	0.618367433443
866	0.699377279808
867	0.612429971705
868	0.682738277372
869	0.703475235602
870	0.571525910561
871	0.731643226258
872	0.591075496227
873	0.626899407618
874	0.615310611268
875	0.631386335779
876	0.660319251017
877	0.590356983601
878	0.645242082993
879	0.649074186464
880	0.655792636529
881	0.659507565842
882	0.630149258705
883	0.553769716585
884	0.55799947267
885	0.468793345567
886	0.39538446363
887	0.515881227225
888	0.631333572497
889	0.45555401938
890	0.430132234441
891	0.496140505805
892	0.408507098036
893	0.449194035298
894	0.423227522422
895	0.457354703289
896	0.531056222271
897	0.455429083103
898	0.425806223795
899	0.435395308447
900	0.455961102236
901	0.427558824809
902	0.400103653093
903	0.376412596813
904	0.371069526091
905	0.346301704808
906	0.392026336503
907	0.345849628086
908	0.307225275413
909	0.313155331121
910	0.36942809573
911	0.184586363056
912	0.276555587574
913	0.25238448839
914	0.25704939147
915	0.33847376415
916	0.261149242598
917	0.267163851819
918	0.213397535262
919	0.17404119921
920	0.187740171785
921	0.20375266387
922	0.21928822696
923	0.156913156477
924	0.0794677604056
925	0.168829184225
926	0.0993779226893
927	0.181252356753
928	0.15675133036
929	0.15982657365
930	0.147840387366
931	0.104933448535
932	0.188763873052
933	0.0780522692002
934	0.0629156987422
935	0.0167214450343
936	0.079297905921
937	0.148850284563
938	0.0364776179667
939	0.0904865615887
940	0.0289919102297
941	0.0345588517055
942	0.0314128964444
943	0.0917952804436
944	0.0441414224792
945	-0.0228645342312
946	-0.0930188146485
947	-0.0407120198132
948	-0.0580733411654
949	-0.0215530432187
950	-0.0655157621288
951	-0.0622238616437
952	-0.090607648449
953	-0.156415473519
954	-0.153625720557
955	-0.0223282001005
956	-0.146693895759
957	-0.1465092163
958	-0.22174265523
959	-0.180556779783
960	-0.103340639771
961	-0.0946145287993
962	-0.188174397654
963	-0.209555424075
964	-0.252251206868
965	-0.329241088424
966	-0.303745463627
967	-0.244111645352
968	-0.223217643446
969	-0.269969582003
970	-0.228319684254
971	-0.313721579694
972	-0.319112024342
973	-0.227656639541
974	-0.420274432667
975	-0.38264795133
976	-0.398293102808
977	-0.308045619574
978	-0.287932628097
979	-0.351689191335
980	-0.439779036283
981	-0.406701308626
982	-0.394378295619
983	-0.37982037448
984	-0.327528839116
985	-0.430400934387
986	-0.405218169048
987	-0.48534588577
988	-0.473171970411
989	-0.516055196376
990	-0.438203551482
991	-0.489052006571
992	-0.505209145647
993	-0.517946799946
994	-0.436555030078
995	-0.525699080226
996	-0.586770822399
997	-0.430411570484
998	-0.424092738427
999	-0.446844855574
