0	0.00917061784884
1	0.0334442594887
2	-0.0168465851065
3	0.0825162101865
4	0.00572549863088
5	0.0935170874515
6	0.0731841945211
7	0.110916017654
8	0.0333623252997
9	0.119236774205
10	0.0171547843372
11	0.100296949107
12	0.16629074312
13	0.0946428655679
14	0.102970648203
15	0.100707915057
16	0.215014004783
17	0.134746165091
18	0.235209933989
19	0.119956263063
20	0.123590714183
21	0.169869244016
22	0.200756772086
23	0.208999623099
24	0.208960682969
25	0.215484148313
26	0.327733716189
27	0.263833809069
28	0.237290521429
29	0.296723067401
30	0.348439359812
31	0.258362969517
32	0.391158679813
33	0.335444421035
34	0.279976089701
35	0.386055488034
36	0.397508137782
37	0.332528357453
38	0.430646331164
39	0.436942207697
40	0.371800771418
41	0.400087675768
42	0.412895069708
43	0.380034692226
44	0.46615027297
45	0.416562516435
46	0.398451946205
47	0.493342048985
48	0.412464549185
49	0.413429149487
50	0.515160221886
51	0.53199904961
52	0.496059175969
53	0.600152477407
54	0.547006802405
55	0.523050842312
56	0.559583587454
57	0.549422652215
58	0.52145588647
59	0.57015003821
60	0.620714541081
61	0.614125805205
62	0.627282916954
63	0.664984471634
64	0.610252280978
65	0.57872209514
66	0.64577127052
67	0.577875204007
68	0.632240695265
69	0.644539136586
70	0.62899086184
71	0.685258535334
72	0.58290568707
73	0.747362471023
74	0.660273615064
75	0.717584667731
76	0.657161493039
77	0.726187450375
78	0.71970082899
79	0.757968276613
80	0.703793125409
81	0.739014973568
82	0.695035665939
83	0.723361188692
84	0.713700947949
85	0.755665724285
86	0.754210845541
87	0.798941361704
88	0.71710434294
89	0.777265444347
90	0.656607941906
91	0.771078104894
92	0.788842492077
93	0.838542146663
94	0.778987722972
95	0.752428242769
96	0.80748009547
97	0.812363211803
98	0.795513439559
99	0.915496310108
100	0.828076586389
101	0.773702008162
102	0.902655961113
103	0.88108491162
104	0.869767367405
105	0.811790727507
106	0.95143343615
107	0.84693580998
108	0.890306660647
109	0.999954193596
110	0.89862260983
111	0.873918825525
112	0.968863275118
113	0.932504111788
114	0.976106439714
115	0.950936742103
116	0.856607502991
117	0.958586779441
118	0.924926830348
119	0.843514181288
120	1.00058640139
121	0.893293835062
122	0.854281069192
123	0.963501437948
124	0.933537494441
125	0.940970883573
126	1.01927436001
127	0.872913963022
128	0.977813098849
129	0.981644512827
130	0.999899352834
131	0.938484527782
132	0.930531114401
133	1.07908696814
134	1.00386323215
135	0.989878055735
136	0.93169672787
137	0.918135738196
138	0.975512885047
139	0.937788327864
140	0.931702426993
141	0.97000909797
142	1.01232423072
143	0.915750942763
144	1.10170213027
145	1.0213528665
146	0.960263739587
147	0.82726376074
148	0.993567922375
149	1.00183845273
150	1.07074529563
151	1.04570171087
152	0.888356249004
153	0.945007423655
154	0.918946774318
155	0.966560345102
156	1.04574315171
157	1.00631463943
158	1.00619315883
159	1.06520025362
160	1.04489666922
161	1.0237666878
162	0.962081783693
163	0.992502497453
164	1.06455531044
165	0.917133156635
166	0.964510263163
167	0.969861824664
168	1.04170456414
169	1.12114785627
170	1.05580395448
171	0.978364885991
172	1.04303569705
173	0.915598041045
174	1.03828494106
175	0.937802882243
176	1.03008568741
177	0.824957330412
178	1.08393119668
179	1.02668632028
180	0.918777148878
181	0.936724356198
182	0.923697617981
183	0.944624452376
184	0.990878320782
185	0.941546704805
186	0.997494801918
187	0.934431354766
188	0.942390893503
189	0.977078050287
190	0.927643998596
191	0.966997387356
192	0.98596470322
193	0.879980046082
194	0.92446482885
195	0.87034347038
196	0.912980331053
197	0.84557184431
198	0.938188327877
199	0.900746500024
200	0.99752123921
201	0.92436999249
202	0.893746325411
203	0.888972271904
204	0.887069759594
205	0.840310784085
206	0.852952736176
207	0.949747111985
208	0.903117417866
209	1.00459424109
210	0.981077203792
211	0.759322201875
212	0.840495359194
213	0.798193205534
214	0.725603757245
215	0.826744557724
216	0.828170587067
217	0.950038119876
218	0.782979027013
219	0.729167742594
220	0.770142767326
221	0.823557263516
222	0.793579254586
223	0.738099075152
224	0.832391908397
225	0.728620900072
226	0.829121070362
227	0.881800715929
228	0.728636401711
229	0.756535087857
230	0.772367795805
231	0.717087578268
232	0.695546790792
233	0.705039645193
234	0.700089337669
235	0.696456949195
236	0.804661850111
237	0.669794530093
238	0.705564146099
239	0.673412485766
240	0.640637641971
241	0.706496243519
242	0.699713928405
243	0.622012418105
244	0.612935934654
245	0.628299623329
246	0.60042777125
247	0.595560693451
248	0.633099817412
249	0.518062035501
250	0.550181899487
251	0.634103686712
252	0.522965170521
253	0.522024325091
254	0.643582495029
255	0.594112232354
256	0.62200717199
257	0.592137924522
258	0.468053062417
259	0.50129342151
260	0.503071579725
261	0.506802499038
262	0.513767620884
263	0.558054639997
264	0.473734625337
265	0.479918920695
266	0.467426030084
267	0.449351587804
268	0.400668901359
269	0.362871289617
270	0.402350974949
271	0.390571129774
272	0.460406533529
273	0.441267773667
274	0.410097138305
275	0.304361429768
276	0.312776314218
277	0.430163753779
278	0.375340469982
279	0.285060871152
280	0.386977391865
281	0.205299897187
282	0.25790553315
283	0.299587724778
284	0.355842124602
285	0.325376034138
286	0.231244061485
287	0.328225217247
288	0.285450214004
289	0.296635057691
290	0.209605104124
291	0.276098081492
292	0.235862157189
293	0.231775988065
294	0.163408573225
295	0.21666625518
296	0.223006396049
297	0.148275409747
298	0.157510306774
299	0.122767455962
300	0.0892476759975
301	0.057842994674
302	0.0950526650815
303	0.10450283612
304	0.183375096653
305	0.11583650618
306	0.103062271403
307	0.0106739627878
308	0.0584385409664
309	0.0549011675058
310	-0.00864182706983
311	0.012063880694
312	0.0466532437502
313	0.00474752093553
314	-0.00654376089233
315	-0.0256693002248
316	-0.035264608022
317	-0.076744269817
318	-0.0578784857352
319	-0.0905203399148
320	-0.037046973489
321	-0.105627749693
322	-0.154073716274
323	-0.154841619966
324	-0.126929602317
325	-0.0956909864333
326	-0.14945304317
327	-0.189117739761
328	-0.0616037041042
329	-0.183725405333
330	-0.115173726557
331	-0.275848115858
332	-0.247771111332
333	-0.181531625166
334	-0.184215220066
335	-0.140316465429
336	-0.220040772324
337	-0.235545395284
338	-0.243314591464
339	-0.249704108002
340	-0.397648472272
341	-0.371514236775
342	-0.2467163029
343	-0.304156569512
344	-0.255808677005
345	-0.37420969122
346	-0.358907763752
347	-0.3844032071
348	-0.336336759613
349	-0.352038950505
350	-0.398873405676
351	-0.383836238971
352	-0.389444405646
353	-0.372907396467
354	-0.394465247954
355	-0.426569790848
356	-0.423274768268
357	-0.433324019821
358	-0.393193363091
359	-0.347538659329
360	-0.47331035758
361	-0.350138029221
362	-0.481787878579
363	-0.387087459722
364	-0.492289463184
365	-0.432838378547
366	-0.426773340358
367	-0.488558787338
368	-0.419881960524
369	-0.559399029326
370	-0.537157166882
371	-0.555092430622
372	-0.486808343013
373	-0.559613256472
374	-0.512992353872
375	-0.506379799916
376	-0.593317414785
377	-0.619323906018
378	-0.599332909849
379	-0.572957493203
380	-0.706589971684
381	-0.715092002871
382	-0.681370128237
383	-0.663275473129
384	-0.6053278838
385	-0.65201022742
386	-0.624607913172
387	-0.646605375205
388	-0.670306558543
389	-0.695930872656
390	-0.666912587191
391	-0.59362334138
392	-0.724843399129
393	-0.717114176305
394	-0.607220391561
395	-0.651385401487
396	-0.705173932175
397	-0.777453735107
398	-0.644765151506
399	-0.702009739416
400	-0.719010350238
401	-0.790331910251
402	-0.710816080076
403	-0.743667312508
404	-0.770141059429
405	-0.915628543664
406	-0.80297556956
407	-0.911213851111
408	-0.789066363909
409	-0.903500454644
410	-0.820884665135
411	-0.792212451576
412	-0.923753985623
413	-0.771991186316
414	-0.889063252457
415	-0.832673570388
416	-0.867568976821
417	-0.88671986736
418	-0.920971426063
419	-0.998407316409
420	-0.966146229774
421	-0.877971830246
422	-0.951964816731
423	-0.798565262353
424	-0.890717227126
425	-1.00406038538
426	-0.920391314936
427	-0.911053455739
428	-0.903537811601
429	-0.892987100436
430	-0.989376836411
431	-0.916025614504
432	-0.796174850182
433	-0.952468907401
434	-0.980427187255
435	-0.98146752466
436	-1.00170621372
437	-0.925898118119
438	-0.900452780799
439	-0.878503980991
440	-1.02284224258
441	-0.910458782973
442	-0.963506967965
443	-0.985614507042
444	-0.999700708775
445	-0.931857127556
446	-0.978698529983
447	-0.941051973939
448	-1.0467101019
449	-1.03395932654
450	-0.946077600046
451	-0.950812947494
452	-0.951578157493
453	-1.00276312263
454	-0.980466999721
455	-1.11432215699
456	-0.900265735076
457	-0.975703291898
458	-0.969870042969
459	-0.999835958409
460	-1.01751311849
461	-0.965094028663
462	-1.00138905436
463	-1.01752422083
464	-1.10244801237
465	-0.930048533881
466	-1.04238350196
467	-0.983194700862
468	-1.02390687736
469	-0.970630225213
470	-1.08232744383
471	-0.944583848469
472	-1.01296298399
473	-0.978497634789
474	-0.975452218934
475	-0.972792476125
476	-0.922257669643
477	-0.993041133862
478	-0.97265686546
479	-1.06287805018
480	-0.946784511311
481	-0.992218212885
482	-1.05924719385
483	-0.96543898972
484	-0.96585295
485	-1.02690495374
486	-1.06785833757
487	-0.88814095211
488	-1.01759582803
489	-0.973014885066
490	-1.02339613991
491	-0.982666727959
492	-0.904192104699
493	-0.949501265694
494	-0.835463039703
495	-0.882685772125
496	-1.03018266428
497	-0.924429973109
498	-0.922954399959
499	-0.989419073
500	-0.999273674527
501	-0.973149346344
502	-0.860793700487
503	-0.867625841317
504	-0.918216715234
505	-0.897660279074
506	-0.9040707323
507	-0.911576470559
508	-0.994073533237
509	-0.84657931446
510	-0.91269651803
511	-0.939975135583
512	-0.901852886216
513	-0.886854559234
514	-1.02160878154
515	-0.900095504052
516	-0.836356229454
517	-1.00582561297
518	-0.948729459871
519	-0.846661111889
520	-0.979137408761
521	-0.851322748488
522	-0.80280694523
523	-0.916910094923
524	-0.80015564635
525	-0.838417203203
526	-0.780322175801
527	-0.868577871625
528	-0.860405987519
529	-0.875813075213
530	-0.959907594541
531	-0.893706577803
532	-0.885677997826
533	-0.728906746329
534	-0.761660918963
535	-0.775194697242
536	-0.807021574181
537	-0.697019584399
538	-0.829288150464
539	-0.757858864079
540	-0.796613972879
541	-0.802562637543
542	-0.699531260923
543	-0.763817215326
544	-0.744284409608
545	-0.791568584485
546	-0.693794061172
547	-0.673520867885
548	-0.653851373497
549	-0.677753222855
550	-0.604190103588
551	-0.67273624989
552	-0.702565364763
553	-0.666827592311
554	-0.639113954027
555	-0.625515852512
556	-0.662685586902
557	-0.582445156696
558	-0.691461749686
559	-0.607695763356
560	-0.643455302494
561	-0.567947803012
562	-0.615611172471
563	-0.66532961877
564	-0.635152471735
565	-0.602974756978
566	-0.578924012678
567	-0.55674579234
568	-0.617821561716
569	-0.618852963159
570	-0.513028362083
571	-0.501374320798
572	-0.511528129608
573	-0.536245411863
574	-0.57473437499
575	-0.480804558845
576	-0.487275483432
577	-0.467861800762
578	-0.454597332147
579	-0.412219923814
580	-0.546580174148
581	-0.434307763945
582	-0.464282379084
583	-0.357490407165
584	-0.345518357218
585	-0.460205005302
586	-0.384212856357
587	-0.354469482834
588	-0.456543782633
589	-0.412406614809
590	-0.38683664386
591	-0.242257361764
592	-0.392467080028
593	-0.388627677334
594	-0.458374597732
595	-0.230656272431
596	-0.362026532262
597	-0.282562736075
598	-0.346441421638
599	-0.302213314665
600	-0.218731128097
601	-0.313906699295
602	-0.288434974202
603	-0.19761455983
604	-0.213315938839
605	-0.23869904515
606	-0.198357499224
607	-0.108345206969
608	-0.19732018858
609	-0.0921785403284
610	-0.11262965665
611	-0.201758541374
612	-0.220843394445
613	-0.169841466201
614	-0.132694930642
615	-0.123452761189
616	-0.110591791104
617	-0.0148321892094
618	-0.145908758286
619	-0.0725113047906
620	-0.132840296693
621	-0.0691587922033
622	-0.01027826798
623	-0.0164244404877
624	-0.143935625879
625	-0.0801759446549
626	-0.0869785973694
627	0.0045178564463
628	0.0317030700005
629	0.0999449808841
630	0.05223768082
631	0.0788665118823
632	0.0932889282963
633	0.135612750965
634	0.0688527525466
635	0.0506345860368
636	0.0191056596998
637	0.0747030996177
638	0.0595588476123
639	0.119876093167
640	0.0809004992895
641	0.210382968172
642	0.144846616355
643	0.128608954792
644	0.206820683761
645	0.13678842361
646	0.284295954201
647	0.147863322494
648	0.177173047175
649	0.180616533538
650	0.154953280533
651	0.215507193882
652	0.205991278932
653	0.248072112111
654	0.230282925072
655	0.264374802351
656	0.360393177663
657	0.233528044592
658	0.20832734922
659	0.228921152559
660	0.313092830921
661	0.371331033704
662	0.270127100154
663	0.255017946455
664	0.324213318446
665	0.304340535813
666	0.31744477935
667	0.454151010905
668	0.405717470379
669	0.376261718563
670	0.462536799355
671	0.404651753249
672	0.356310020746
673	0.49975887049
674	0.389979963543
675	0.46719588562
676	0.480028519945
677	0.507533633695
678	0.484115757154
679	0.434222484966
680	0.447269795067
681	0.474264257489
682	0.513184559064
683	0.493883525459
684	0.527575997598
685	0.436773074967
686	0.474788136397
687	0.656153134394
688	0.608777795253
689	0.632914267959
690	0.599038633712
691	0.593702428795
692	0.533863674457
693	0.644998793682
694	0.590632383254
695	0.632177373563
696	0.602723445369
697	0.583050459334
698	0.536847764116
699	0.752698798982
700	0.697123878083
701	0.679476814201
702	0.677356421293
703	0.618220044154
704	0.701329445908
705	0.664663760599
706	0.771837445313
707	0.706673535853
708	0.750067465989
709	0.758340677452
710	0.684557572222
711	0.725573728757
712	0.760341944627
713	0.787714509819
714	0.655543279887
715	0.76025605821
716	0.706518479014
717	0.859684272123
718	0.753730912817
719	0.759941239636
720	0.830675594429
721	0.849681216366
722	0.787261721541
723	0.835272992069
724	0.802712862711
725	0.831728066617
726	0.942987350912
727	0.851223404306
728	0.809568865618
729	0.888247620661
730	0.783641790316
731	0.866561847316
732	0.856329896044
733	0.880534685697
734	0.788636452615
735	0.863308316939
736	0.905443305425
737	0.899839030751
738	0.763856886794
739	0.963642188842
740	0.902876718329
741	0.950618445353
742	0.84362299345
743	0.909074898566
744	0.893486418466
745	0.929296403736
746	0.97936698272
747	0.863517144103
748	0.876785295266
749	0.894679907541
750	0.961473280546
751	1.0633500346
752	0.967794257155
753	1.01290411435
754	0.967691863911
755	0.961388982138
756	0.83736861739
757	1.01486944718
758	0.95573694657
759	0.921753355436
760	0.955298486503
761	0.95147253385
762	0.926454614566
763	1.0087335246
764	1.03354540296
765	0.948349998478
766	1.05610697169
767	0.985757526546
768	0.982747905327
769	0.894327618348
770	1.05312407061
771	1.06139368154
772	1.0039461618
773	0.967246920249
774	0.933291981229
775	0.916039256494
776	0.990726581594
777	1.07693985922
778	1.01791837984
779	1.08243670679
780	0.968816066669
781	0.924983073909
782	1.08977143843
783	1.01198505064
784	1.04305138913
785	1.12552182367
786	0.963761059897
787	0.941325477678
788	0.987825774566
789	0.971282408566
790	1.02819892756
791	1.03149860261
792	0.969711752937
793	1.01945756554
794	1.04061862743
795	0.980050021438
796	1.0100575438
797	0.962063410717
798	0.989838798898
799	0.964643182031
800	0.985733948099
801	0.955856796958
802	1.01795100958
803	0.999487925272
804	0.970050932633
805	0.937721371683
806	0.942509807487
807	1.0152525393
808	0.960480975332
809	0.995116165237
810	0.972915152527
811	0.888944907295
812	0.960654406916
813	0.94712611041
814	0.899397222197
815	0.902225684268
816	1.03238223563
817	0.977116940135
818	1.00438800294
819	0.920072957065
820	0.921203498236
821	0.934587100023
822	0.894334708647
823	0.92778353377
824	0.930395244997
825	0.910112418388
826	0.900621656575
827	0.955644239972
828	0.8984748054
829	0.895236310255
830	1.00070641665
831	0.881992476379
832	0.878645928563
833	0.824377648142
834	0.958240627701
835	0.963728126683
836	0.978371821121
837	0.921822261042
838	0.93698798363
839	0.821111845746
840	0.81585873858
841	0.841699938036
842	0.860080610028
843	0.874935599225
844	0.819657409883
845	0.901752336154
846	0.803606724804
847	0.97238492415
848	0.851979791796
849	0.800793791433
850	0.720432306029
851	0.8593313418
852	0.711036243525
853	0.791767766184
854	0.785550250411
855	0.7645725872
856	0.770245745098
857	0.769895892976
858	0.801800007355
859	0.741054542609
860	0.753292858784
861	0.789446405764
862	0.687799378867
863	0.694986796916
864	0.795352456028
865	0.684841387038
866	0.659111722047
867	0.588164571507
868	0.64558154581
869	0.675120947951
870	0.690102694649
871	0.618846712768
872	0.727241156824
873	0.642427134999
874	0.584926424879
875	0.57093919748
876	0.61597451141
877	0.595171021547
878	0.679117370688
879	0.561051349974
880	0.508789827864
881	0.643481616061
882	0.572131793251
883	0.521307477463
884	0.557459122925
885	0.565319591031
886	0.524540592199
887	0.530897165757
888	0.515617359742
889	0.462125958308
890	0.495840502049
891	0.518679151876
892	0.505320813477
893	0.562093925243
894	0.437541744995
895	0.367423852091
896	0.535167416901
897	0.370277420279
898	0.481966272873
899	0.456808734088
900	0.371554035128
901	0.395474010759
902	0.451497139965
903	0.413395211682
904	0.446084176193
905	0.360033255205
906	0.377886712551
907	0.385727531828
908	0.153240214416
909	0.316766890011
910	0.355487087874
911	0.318943822567
912	0.299675093985
913	0.222520373554
914	0.230452019643
915	0.269394502835
916	0.225226094586
917	0.288736737609
918	0.232509915324
919	0.264234465171
920	0.219152863689
921	0.257390941459
922	0.189186405799
923	0.175906356801
924	0.192880457979
925	0.1432295392
926	0.20916553382
927	0.129437530479
928	0.137468244382
929	0.144094026735
930	0.185605900925
931	0.156330180335
932	0.103635920685
933	0.150694066117
934	0.185845979661
935	0.0351703712044
936	0.0611757170129
937	0.0622329134796
938	-0.016222791128
939	-0.00206702644101
940	0.0216559768912
941	-0.00243848587406
942	-0.0378157224099
943	0.0316161235918
944	-0.0356994780751
945	-0.0149651769992
946	0.0434878633849
947	0.0156403584318
948	-0.0548524002994
949	-0.109040306345
950	-0.0307677305402
951	-0.0259845540585
952	-0.139014747068
953	-0.175022089968
954	-0.11240378278
955	-0.165602761435
956	-0.0899139704476
957	-0.154055301201
958	-0.14565366895
959	-0.161305380924
960	-0.194049117462
961	-0.235118308703
962	-0.160018216479
963	-0.191849865013
964	-0.162364921548
965	-0.266560519487
966	-0.338162015082
967	-0.315673112613
968	-0.141601724815
969	-0.287646445167
970	-0.33337847657
971	-0.288535200616
972	-0.333385099926
973	-0.25065475308
974	-0.307154233006
975	-0.238296902051
976	-0.3355867643
977	-0.337331759774
978	-0.315735037192
979	-0.419136570587
980	-0.321712198141
981	-0.448648514097
982	-0.322005021779
983	-0.419076732969
984	-0.496670673044
985	-0.316097677219
986	-0.345664608538
987	-0.4341616881
988	-0.428567060476
989	-0.427307751699
990	-0.457283271298
991	-0.476338264822
992	-0.440695909974
993	-0.562984930828
994	-0.486523389962
995	-0.564649520938
996	-0.466133860038
997	-0.461169375236
998	-0.503102494397
999	-0.527260731884
