0	0.0472210695528
1	0.0594506424813
2	0.0576407007978
3	0.0706566490437
4	0.0799649304808
5	0.0898446379183
6	0.0908950335573
7	0.093953224728
8	0.105519667742
9	0.11678453883
10	0.129670445473
11	0.141092831998
12	0.143681028118
13	0.144078639328
14	0.155869073386
15	0.167650070597
16	0.17967815592
17	0.17973039409
18	0.201173455323
19	0.204353885888
20	0.217391025706
21	0.236627953841
22	0.256469077818
23	0.262869766422
24	0.283109661612
25	0.297163410286
26	0.304329181552
27	0.310809378423
28	0.325662081614
29	0.336244063394
30	0.351124426035
31	0.3609580758
32	0.373562276011
33	0.374554386672
34	0.383160014303
35	0.394277636806
36	0.403177057354
37	0.405294210538
38	0.412619053733
39	0.419585244602
40	0.416865504767
41	0.421490880108
42	0.434276718565
43	0.44751049411
44	0.460402103415
45	0.475291237241
46	0.489785046793
47	0.503629368583
48	0.510989539524
49	0.526207106527
50	0.538210077303
51	0.544320056895
52	0.554177333725
53	0.567295848084
54	0.570310341367
55	0.583418971282
56	0.593108020022
57	0.595234520876
58	0.60593992291
59	0.61220873597
60	0.619107697865
61	0.621754875143
62	0.623406548103
63	0.629848283478
64	0.620728418527
65	0.635962884087
66	0.645024164079
67	0.653003430436
68	0.661813018106
69	0.672251546451
70	0.680602845607
71	0.694933669471
72	0.696993068368
73	0.714338544646
74	0.708524455192
75	0.715534185595
76	0.715102661175
77	0.726047575758
78	0.729161286332
79	0.737965789967
80	0.733425352892
81	0.741588943885
82	0.732432607034
83	0.740881766918
84	0.748157467294
85	0.762028711595
86	0.764620044783
87	0.764421977808
88	0.765370726004
89	0.775955044767
90	0.77798259979
91	0.806747974035
92	0.813081138645
93	0.811398862655
94	0.818522619816
95	0.829866751888
96	0.842904432403
97	0.843383391518
98	0.858835638668
99	0.864549235382
100	0.861750385442
101	0.880847897353
102	0.894727964205
103	0.89153494914
104	0.90128810064
105	0.908258850016
106	0.926516151372
107	0.926460963145
108	0.927535595701
109	0.935122275567
110	0.926785901873
111	0.920662743146
112	0.934736918242
113	0.926340313791
114	0.917648864614
115	0.916248308862
116	0.914315059122
117	0.923688768075
118	0.930431832583
119	0.924652625102
120	0.939574727054
121	0.937470072769
122	0.9493151303
123	0.958671070143
124	0.95500770086
125	0.971179864604
126	0.978167903335
127	0.974901647304
128	0.981433065621
129	0.974802247771
130	0.974120955795
131	0.967219730798
132	0.966466164044
133	0.970852606663
134	0.963434524727
135	0.953644270351
136	0.966069167521
137	0.976030960703
138	0.980711849746
139	0.964239724823
140	0.970437457547
141	0.978230349296
142	0.989423260147
143	0.993131869053
144	0.99008801419
145	0.972677491234
146	0.961299036546
147	0.961998659381
148	0.986274147267
149	0.987690449162
150	0.988174305395
151	0.987558189616
152	0.987468740543
153	1.00251434485
154	1.00441149597
155	1.01258435409
156	1.02347268358
157	1.00918268412
158	1.00453775343
159	1.00050093852
160	0.997890306356
161	1.00636266047
162	1.00992235677
163	1.01173159036
164	1.01734639031
165	1.0007955826
166	1.01425689198
167	1.01128940521
168	1.01798094552
169	0.99389791955
170	0.989762735152
171	0.986527442464
172	0.979906582784
173	0.968094211579
174	0.968994164572
175	0.958587443607
176	0.964484714555
177	0.954647049822
178	0.973817879989
179	0.957206786443
180	0.947840627912
181	0.954318505846
182	0.953309577224
183	0.95812066271
184	0.962714023915
185	0.950391993393
186	0.948494007175
187	0.934366081449
188	0.93198263437
189	0.921224962237
190	0.91690388197
191	0.913915271017
192	0.917306810112
193	0.910462953364
194	0.911992539956
195	0.908048922518
196	0.909907399097
197	0.901833004989
198	0.902653104086
199	0.903937413431
200	0.904200848747
201	0.904986737845
202	0.9112875391
203	0.896351525374
204	0.89096520174
205	0.881090029066
206	0.868344803862
207	0.865432784034
208	0.851924281265
209	0.8571376926
210	0.832513779924
211	0.804523839791
212	0.805726124841
213	0.80384411421
214	0.803331452994
215	0.80471982165
216	0.805347305058
217	0.794286228726
218	0.780851001002
219	0.791831188659
220	0.791772150783
221	0.790260186398
222	0.784572467764
223	0.776073392617
224	0.771345361021
225	0.757195109554
226	0.754024935954
227	0.739284478047
228	0.730713492956
229	0.72417550722
230	0.718512069247
231	0.707517034799
232	0.699022597432
233	0.700239203291
234	0.699647456981
235	0.690972243696
236	0.681692130969
237	0.662096327993
238	0.654388910344
239	0.642166304494
240	0.637687119122
241	0.624067607292
242	0.606699346844
243	0.599409319989
244	0.588404070257
245	0.578302780306
246	0.580000877161
247	0.579299150617
248	0.582237648233
249	0.577686326801
250	0.572129774236
251	0.566697721127
252	0.552138598129
253	0.550342745742
254	0.549425334163
255	0.53992223916
256	0.526546949491
257	0.510759366014
258	0.496902488854
259	0.49482454723
260	0.483644044991
261	0.46806623498
262	0.456460510081
263	0.442772011069
264	0.431922221461
265	0.428314793498
266	0.420556817676
267	0.402438528752
268	0.387263498354
269	0.390540704178
270	0.391926168663
271	0.378893934908
272	0.378494630696
273	0.35014944888
274	0.329775866601
275	0.317497042876
276	0.323217120079
277	0.324617088959
278	0.302514900927
279	0.297279872845
280	0.297323133162
281	0.287285096031
282	0.287763452358
283	0.289784846618
284	0.282704227997
285	0.268919101715
286	0.250922717169
287	0.249302960913
288	0.23761198078
289	0.222370335862
290	0.206912030205
291	0.197263402631
292	0.176502246465
293	0.156722339519
294	0.141530859188
295	0.134985777287
296	0.131286759673
297	0.119378994132
298	0.114355312094
299	0.098040162762
300	0.0908925055403
301	0.087076226819
302	0.079689024403
303	0.07046804836
304	0.0640403158744
305	0.0441928074614
306	0.0305950000089
307	0.0162914920503
308	0.0111872064048
309	-0.00383310590447
310	-0.0163641784868
311	-0.0254617910251
312	-0.030918552601
313	-0.0478386629836
314	-0.065485467118
315	-0.0819630070151
316	-0.093214151692
317	-0.0999281937377
318	-0.108006946332
319	-0.122589085669
320	-0.119376126134
321	-0.135673729672
322	-0.136734393768
323	-0.150264882611
324	-0.160590381652
325	-0.166657273079
326	-0.176493299038
327	-0.175478123734
328	-0.178914016241
329	-0.198240870816
330	-0.204861891498
331	-0.219809711658
332	-0.233343084593
333	-0.247092320754
334	-0.254335062724
335	-0.267661879329
336	-0.280494347282
337	-0.297624227159
338	-0.311331156989
339	-0.327007669838
340	-0.336633520017
341	-0.331565795376
342	-0.334605703032
343	-0.349841251484
344	-0.359317677721
345	-0.37232864655
346	-0.374579263965
347	-0.382097266976
348	-0.386416329328
349	-0.397192691573
350	-0.401765404082
351	-0.396061543377
352	-0.406003112112
353	-0.401635736953
354	-0.413733568299
355	-0.412913814051
356	-0.420215999866
357	-0.421278623231
358	-0.420550769957
359	-0.431146928207
360	-0.439185072784
361	-0.448750480756
362	-0.46953038494
363	-0.477675335167
364	-0.488755433311
365	-0.496235854787
366	-0.505141852045
367	-0.513987014218
368	-0.525626861712
369	-0.547787077878
370	-0.552224175714
371	-0.55620198975
372	-0.573035049868
373	-0.598399900963
374	-0.611928442271
375	-0.628626566632
376	-0.639620798175
377	-0.646142221801
378	-0.646729333707
379	-0.651981829858
380	-0.662798392673
381	-0.661614048337
382	-0.656260779928
383	-0.646511136944
384	-0.653352017611
385	-0.665772716778
386	-0.660796068349
387	-0.663771344829
388	-0.67027896227
389	-0.68218420411
390	-0.676499123982
391	-0.680398807563
392	-0.694330697436
393	-0.701607198672
394	-0.700907410202
395	-0.716068179196
396	-0.729263252301
397	-0.752647098022
398	-0.755482857405
399	-0.785088268473
400	-0.79476122675
401	-0.815260127239
402	-0.818654877782
403	-0.82769891906
404	-0.847708549406
405	-0.84791411906
406	-0.844962420037
407	-0.848262197907
408	-0.84341276743
409	-0.854263156702
410	-0.856204375749
411	-0.875929114779
412	-0.895255090135
413	-0.890168183982
414	-0.910165254028
415	-0.900109921794
416	-0.906559216987
417	-0.921724929049
418	-0.925466201001
419	-0.924364204299
420	-0.913823148209
421	-0.90569435606
422	-0.918072690079
423	-0.914079445387
424	-0.913813844034
425	-0.920675141843
426	-0.918049230941
427	-0.924835476465
428	-0.93490800513
429	-0.937392483632
430	-0.938222003673
431	-0.925902797515
432	-0.937771311746
433	-0.9504695265
434	-0.951695977674
435	-0.952272346539
436	-0.954298255885
437	-0.946537246311
438	-0.95240395874
439	-0.9569149802
440	-0.97560454919
441	-0.976839780741
442	-0.980797427083
443	-0.979386980364
444	-0.975605163747
445	-0.975945431953
446	-0.98134652886
447	-0.99641582075
448	-0.991884016432
449	-0.983994370876
450	-0.976873339368
451	-0.982846490297
452	-0.990257620408
453	-0.991759383871
454	-0.991606709619
455	-0.995724178631
456	-0.994404829229
457	-0.997714029096
458	-1.00512294133
459	-1.00660345887
460	-1.00927800542
461	-1.00406879505
462	-1.01709473007
463	-1.01078304053
464	-1.01027623644
465	-0.996503972261
466	-1.00154882616
467	-0.993816489952
468	-0.987045708706
469	-0.983616181651
470	-0.9838413639
471	-0.981680320161
472	-0.981924838255
473	-0.979619863688
474	-0.988592036916
475	-0.987479455892
476	-0.986708397434
477	-0.998335873445
478	-1.00664889608
479	-0.99725823904
480	-0.992226881022
481	-0.995141366995
482	-0.998605581109
483	-0.990096640455
484	-0.983291431008
485	-0.981474577197
486	-0.960203253415
487	-0.939628523922
488	-0.955410936385
489	-0.945059174727
490	-0.939496898604
491	-0.935721668947
492	-0.937566885233
493	-0.945228800971
494	-0.935372404837
495	-0.938946049461
496	-0.942893932028
497	-0.928169222561
498	-0.925907084694
499	-0.924642870316
500	-0.925160032564
501	-0.908193992557
502	-0.901477011633
503	-0.910274948866
504	-0.914077953855
505	-0.910593269855
506	-0.924365325685
507	-0.923923633657
508	-0.91556582909
509	-0.916871615726
510	-0.928221631883
511	-0.920884364534
512	-0.92523572822
513	-0.919621268473
514	-0.910282644695
515	-0.898649457293
516	-0.887545028659
517	-0.887774025742
518	-0.86271808828
519	-0.853812356252
520	-0.855339564656
521	-0.84385908315
522	-0.855924066045
523	-0.86602402522
524	-0.862553792209
525	-0.854637247762
526	-0.846108771736
527	-0.845539051896
528	-0.838699463291
529	-0.8205454185
530	-0.815375982417
531	-0.792926123476
532	-0.782138056263
533	-0.772903016231
534	-0.769639073408
535	-0.769878661893
536	-0.766444185489
537	-0.764727186634
538	-0.764368795164
539	-0.747061319322
540	-0.73550493148
541	-0.722298181477
542	-0.700256788815
543	-0.697279565367
544	-0.690473804194
545	-0.681867491161
546	-0.664928087776
547	-0.657341620148
548	-0.656137700038
549	-0.648203675949
550	-0.649726845597
551	-0.650116363349
552	-0.64686292475
553	-0.631905417889
554	-0.626214704573
555	-0.629127556211
556	-0.63019829168
557	-0.623563755022
558	-0.623172516798
559	-0.608204077093
560	-0.609329165799
561	-0.60659557254
562	-0.600493412437
563	-0.587800428917
564	-0.570711374566
565	-0.559721701247
566	-0.556583881026
567	-0.545681719489
568	-0.537962796277
569	-0.521300600615
570	-0.503049974948
571	-0.491849037362
572	-0.496871909957
573	-0.488291869327
574	-0.480295976796
575	-0.456157758149
576	-0.441125957968
577	-0.438118127065
578	-0.428823799909
579	-0.417698483318
580	-0.422623356521
581	-0.407715183261
582	-0.402440614362
583	-0.377771167994
584	-0.381657464978
585	-0.386447389436
586	-0.386244010817
587	-0.369182168158
588	-0.370021840317
589	-0.350690612922
590	-0.343361147014
591	-0.333958554881
592	-0.331344528918
593	-0.322615597725
594	-0.311483075155
595	-0.28250973761
596	-0.280583033878
597	-0.266879979754
598	-0.257523842327
599	-0.231068707363
600	-0.219413915576
601	-0.205352516935
602	-0.182988401086
603	-0.173357686327
604	-0.175938667951
605	-0.171108170991
606	-0.159329936046
607	-0.151007187375
608	-0.151256807835
609	-0.13098036346
610	-0.136950387678
611	-0.132492793027
612	-0.124835210285
613	-0.107981365591
614	-0.0902521213443
615	-0.0773331779938
616	-0.0796090518482
617	-0.0762295133538
618	-0.0842457809272
619	-0.0675317126235
620	-0.0559523376467
621	-0.0300873068049
622	-0.0165988098023
623	-0.00669383426201
624	0.00549654004733
625	0.0365574708078
626	0.0531162149413
627	0.0684065686531
628	0.0700274356812
629	0.0748052167498
630	0.0703178686085
631	0.0778332477582
632	0.0780592463589
633	0.091069695234
634	0.0920956802774
635	0.0987352583046
636	0.116089269163
637	0.12916513182
638	0.152453226773
639	0.162264835093
640	0.168631163317
641	0.179710722677
642	0.173551868495
643	0.181403043776
644	0.190001079792
645	0.194584571831
646	0.204972849771
647	0.202759388454
648	0.226373816806
649	0.232635483186
650	0.235714462706
651	0.243933115154
652	0.254775963713
653	0.273147047577
654	0.275597601804
655	0.278345937513
656	0.284994661524
657	0.278766590207
658	0.288090671847
659	0.315404412034
660	0.335048447347
661	0.342067212641
662	0.352201186602
663	0.367148370279
664	0.378403045201
665	0.397908106539
666	0.407423598509
667	0.424062610317
668	0.426937889099
669	0.438250796134
670	0.4502345782
671	0.447088543267
672	0.451823881247
673	0.464929907552
674	0.466421650727
675	0.47796649094
676	0.484675392271
677	0.479869231718
678	0.476230843129
679	0.495346107267
680	0.514741141743
681	0.535368305398
682	0.549232124978
683	0.558178554948
684	0.562620793726
685	0.575667771068
686	0.592763249767
687	0.610250942785
688	0.604314310672
689	0.601455717792
690	0.590781661809
691	0.607855013506
692	0.619346285649
693	0.635525523398
694	0.639120815355
695	0.64218611101
696	0.649869674604
697	0.656751931852
698	0.677728263628
699	0.696597793821
700	0.696305423488
701	0.703107290085
702	0.703671818753
703	0.709029297361
704	0.724820619635
705	0.73441896007
706	0.733405573324
707	0.732118752535
708	0.732101523997
709	0.744281169123
710	0.743768973053
711	0.752144936099
712	0.763822921174
713	0.773749506922
714	0.773699197114
715	0.793669165134
716	0.798386587856
717	0.812298764257
718	0.8215546619
719	0.832387160954
720	0.837901341619
721	0.844298233422
722	0.836960519417
723	0.845771644503
724	0.8481113005
725	0.856758169721
726	0.85197021261
727	0.843116986613
728	0.84914142007
729	0.859171438418
730	0.845350245766
731	0.865350290047
732	0.869385275715
733	0.879861781194
734	0.875760482055
735	0.889142531605
736	0.892495653997
737	0.895145998254
738	0.903982437362
739	0.915055799285
740	0.905405033332
741	0.904494276578
742	0.905700369377
743	0.93011448506
744	0.936638858237
745	0.949907491112
746	0.954173653354
747	0.952176097734
748	0.949270705877
749	0.964613389423
750	0.971397504871
751	0.966984179858
752	0.954978452292
753	0.953164927481
754	0.943559427505
755	0.948119612026
756	0.956136992118
757	0.968468256683
758	0.973050203851
759	0.976385823848
760	0.983162996058
761	0.976388455152
762	0.987683070348
763	1.00267630001
764	1.00214437081
765	0.994777872733
766	0.993104759705
767	0.977541680239
768	0.978093797466
769	0.988559570121
770	1.00229187695
771	1.00554883653
772	0.995262434876
773	0.986488758444
774	1.0001025938
775	1.00884626818
776	1.02295872736
777	1.03793597648
778	1.02536055433
779	1.01685023187
780	1.00633790607
781	1.00661194405
782	1.01808037224
783	1.0116056127
784	1.00690857962
785	1.00428704367
786	0.9948533552
787	0.996663239815
788	1.00430013605
789	1.00143765118
790	1.00349947233
791	0.996437722823
792	0.991352761211
793	0.989813321658
794	0.989645926551
795	0.985075848533
796	0.983964838666
797	0.975927486208
798	0.973754863627
799	0.976578612561
800	0.97611614515
801	0.977158613721
802	0.979053986562
803	0.964719975197
804	0.960405139824
805	0.957857937355
806	0.953599698523
807	0.949123684832
808	0.951026984423
809	0.952875424957
810	0.953905629146
811	0.948034274095
812	0.951618561977
813	0.948722194545
814	0.942856483238
815	0.946010517857
816	0.949140469049
817	0.9355549338
818	0.927055457849
819	0.921639484186
820	0.919239689556
821	0.916354446447
822	0.923701037184
823	0.922329678043
824	0.916869944131
825	0.905090211147
826	0.91043778996
827	0.917449619972
828	0.919974906766
829	0.922569068504
830	0.927208143324
831	0.907253191001
832	0.899904997912
833	0.895799887854
834	0.899766883619
835	0.890510769344
836	0.874502911921
837	0.865989635814
838	0.852854576232
839	0.856787569623
840	0.860217341406
841	0.85854345839
842	0.845069277056
843	0.84498602503
844	0.826774985508
845	0.823676136208
846	0.810764793348
847	0.806427666948
848	0.783967758164
849	0.774847324962
850	0.774959126731
851	0.777250486351
852	0.765468432682
853	0.774180672931
854	0.762628629896
855	0.752566023952
856	0.755986009377
857	0.74649663626
858	0.734187283934
859	0.710450013284
860	0.699841902529
861	0.691156134659
862	0.680117944535
863	0.672456537191
864	0.676040354958
865	0.659048652621
866	0.647946990159
867	0.638150042985
868	0.641240036308
869	0.635638866945
870	0.636082913916
871	0.621743875619
872	0.609515332851
873	0.600208717211
874	0.592398123684
875	0.585329351749
876	0.583831565687
877	0.5782032412
878	0.570355415717
879	0.553886504058
880	0.548838282921
881	0.543653408526
882	0.527248840303
883	0.521309657928
884	0.519533361929
885	0.520048339965
886	0.505850801516
887	0.488393385949
888	0.488867858298
889	0.472718976135
890	0.474923455532
891	0.470586592425
892	0.454239357231
893	0.442034156929
894	0.429745625231
895	0.427062677085
896	0.435802713096
897	0.416343361797
898	0.417188838716
899	0.406495645266
900	0.372765809747
901	0.366678349179
902	0.362235357747
903	0.34750721137
904	0.334871642737
905	0.310031220221
906	0.295633305159
907	0.28357861519
908	0.265745122163
909	0.280800291407
910	0.271438405331
911	0.26129922503
912	0.250211340711
913	0.245513101541
914	0.241809327346
915	0.235748698142
916	0.227247137602
917	0.218136409226
918	0.20929516436
919	0.197842677155
920	0.183757541512
921	0.175417670739
922	0.167441555124
923	0.163790863406
924	0.155760814949
925	0.151073438075
926	0.155808598127
927	0.13647580228
928	0.12889115634
929	0.120531675128
930	0.102718695366
931	0.0818661478806
932	0.066902347498
933	0.0551163023248
934	0.0341707702663
935	0.0170341195919
936	0.00915969189417
937	0.000699592559492
938	-0.00138319078437
939	0.00215715916671
940	-0.0037078823731
941	-0.0182296916215
942	-0.0213773854733
943	-0.0200628112121
944	-0.0390217968409
945	-0.0545020870513
946	-0.0653285988047
947	-0.0885608904514
948	-0.100289149216
949	-0.11131169376
950	-0.115379845161
951	-0.129884028537
952	-0.148557868915
953	-0.15923604243
954	-0.157568945376
955	-0.166396287846
956	-0.166036527859
957	-0.185663922196
958	-0.206120223739
959	-0.225011273035
960	-0.222821977911
961	-0.23322168099
962	-0.244139477419
963	-0.258419142323
964	-0.274145279536
965	-0.283955260817
966	-0.288465673431
967	-0.27736954976
968	-0.279582177726
969	-0.301329959388
970	-0.304450914057
971	-0.31397959117
972	-0.317665924228
973	-0.330472970247
974	-0.338400777881
975	-0.35083661121
976	-0.379544807987
977	-0.377379353867
978	-0.378305225952
979	-0.391463742719
980	-0.392511574929
981	-0.404244414213
982	-0.40520383168
983	-0.422351969796
984	-0.424754100574
985	-0.432122351439
986	-0.451058541744
987	-0.475390198678
988	-0.478942662226
989	-0.482565141644
990	-0.490986779721
991	-0.49876205312
